RESOLUTION:3120,2080
1753621093.535,1495,1225
1753621093.707,1495,1225
1753621093.738,1494,1225
1753621093.769,1494,1224
1753621093.8,1494,1222
1753621093.816,1493,1222
1753621093.816,1493,1221
1753621093.85,1492,1221
1753621093.864,1492,1220
1753621093.895,1491,1220
1753621093.911,1491,1219
1753621093.957,1491,1218
1753621093.957,1490,1218
1753621093.973,1490,1217
1753621093.973,1488,1217
1753621093.989,1487,1217
1753621094.004,1487,1216
1753621094.067,1486,1214
1753621094.082,1485,1214
1753621094.098,1485,1213
1753621094.114,1484,1213
1753621094.161,1483,1213
1753621094.176,1482,1212
1753621094.176,1481,1212
1753621094.192,1479,1211
1753621094.192,1478,1210
1753621094.207,1477,1209
1753621094.239,1476,1208
1753621094.254,1475,1208
1753621094.286,1474,1206
1753621094.301,1473,1206
1753621094.301,1471,1205
1753621094.317,1470,1204
1753621094.317,1469,1203
1753621094.317,1468,1203
1753621094.348,1467,1203
1753621094.348,1467,1202
1753621094.364,1466,1202
1753621094.395,1465,1202
1753621094.442,1465,1201
1753621094.457,1463,1201
1753621094.473,1462,1201
1753621094.489,1462,1200
1753621094.52,1461,1200
1753621094.535,1460,1199
1753621094.551,1459,1199
1753621094.567,1458,1197
1753621094.598,1457,1197
1753621094.598,1455,1197
1753621094.598,1455,1196
1753621094.615,1454,1196
1753621094.632,1453,1195
1753621094.632,1452,1195
1753621094.646,1452,1194
1753621094.662,1451,1194
1753621094.668,1450,1194
1753621094.672,1449,1193
1753621094.689,1448,1193
1753621094.697,1446,1193
1753621094.71,1446,1192
1753621094.715,1445,1192
1753621094.756,1444,1192
1753621094.79,1443,1191
1753621094.806,1442,1191
1753621094.816,1441,1189
1753621094.823,1440,1189
1753621094.837,1438,1188
1753621094.841,1437,1188
1753621094.857,1436,1188
1753621094.857,1436,1187
1753621094.865,1435,1187
1753621094.881,1434,1187
1753621094.898,1433,1187
1753621094.898,1433,1186
1753621094.913,1432,1186
1753621094.913,1430,1185
1753621094.929,1429,1185
1753621094.932,1428,1185
1753621094.932,1428,1184
1753621094.943,1427,1184
1753621094.943,1426,1183
1753621094.96,1425,1181
1753621094.96,1424,1181
1753621094.975,1423,1181
1753621094.991,1423,1180
1753621094.991,1421,1180
1753621095.006,1420,1180
1753621095.022,1419,1179
1753621095.038,1418,1179
1753621095.038,1417,1178
1753621095.053,1416,1178
1753621095.053,1415,1178
1753621095.069,1413,1177
1753621095.095,1412,1177
1753621095.1,1411,1177
1753621095.1,1411,1176
1753621095.117,1409,1176
1753621095.117,1408,1176
1753621095.117,1406,1176
1753621095.132,1405,1176
1753621095.132,1404,1175
1753621095.148,1403,1175
1753621095.148,1402,1175
1753621095.163,1401,1173
1753621095.179,1400,1173
1753621095.195,1398,1172
1753621095.199,1397,1172
1753621095.211,1396,1172
1753621095.228,1395,1171
1753621095.242,1394,1171
1753621095.242,1394,1170
1753621095.242,1393,1170
1753621095.258,1392,1169
1753621095.274,1391,1169
1753621095.274,1389,1168
1753621095.305,1388,1167
1753621095.321,1387,1167
1753621095.321,1386,1166
1753621095.334,1385,1166
1753621095.338,1384,1166
1753621095.338,1384,1164
1753621095.353,1383,1164
1753621095.353,1383,1163
1753621095.368,1381,1162
1753621095.368,1380,1162
1753621095.368,1379,1162
1753621095.384,1379,1161
1753621095.384,1378,1161
1753621095.4,1377,1160
1753621095.415,1376,1160
1753621095.431,1375,1159
1753621095.447,1373,1158
1753621095.447,1372,1158
1753621095.462,1371,1156
1753621095.478,1370,1155
1753621095.478,1369,1155
1753621095.493,1368,1154
1753621095.509,1367,1153
1753621095.527,1365,1153
1753621095.531,1364,1153
1753621095.531,1364,1152
1753621095.54,1363,1152
1753621095.556,1363,1151
1753621095.556,1362,1151
1753621095.573,1362,1150
1753621095.573,1361,1150
1753621095.588,1360,1150
1753621095.588,1360,1148
1753621095.603,1359,1148
1753621095.616,1358,1148
1753621095.619,1358,1147
1753621095.619,1356,1147
1753621095.634,1355,1146
1753621095.652,1354,1146
1753621095.681,1353,1146
1753621095.681,1353,1145
1753621095.713,1352,1145
1753621095.713,1352,1144
1753621095.728,1351,1144
1753621095.728,1351,1143
1753621095.744,1350,1142
1753621095.759,1350,1140
1753621095.759,1348,1140
1753621095.791,1347,1140
1753621095.822,1347,1139
1753621095.853,1347,1138
1753621095.853,1346,1138
1753621095.869,1346,1137
1753621095.884,1346,1136
1753621095.884,1346,1135
1753621095.9,1346,1134
1753621095.9,1345,1134
1753621095.923,1345,1133
1753621095.932,1345,1131
1753621095.932,1345,1130
1753621095.949,1344,1130
1753621095.949,1344,1129
1753621095.963,1344,1128
1753621095.979,1344,1127
1753621095.995,1344,1126
1753621096.041,1344,1125
1753621096.041,1343,1118
1753621096.057,1343,1117
1753621096.088,1343,1115
1753621096.088,1342,1115
1753621096.104,1342,1114
1753621096.135,1342,1113
1753621096.135,1342,1112
1753621096.166,1342,1111
1753621096.182,1342,1110
1753621096.198,1342,1109
1753621096.213,1342,1107
1753621096.236,1342,1106
1753621096.245,1342,1105
1753621096.262,1342,1104
1753621096.277,1342,1103
1753621096.293,1342,1102
1753621096.308,1342,1102
1753621096.355,1342,1101
1753621096.386,1342,1100
1753621096.418,1342,1098
1753621096.418,1342,1097
1753621096.433,1342,1096
1753621096.449,1342,1095
1753621096.464,1342,1094
1753621096.464,1343,1093
1753621096.496,1343,1092
1753621096.511,1343,1090
1753621096.527,1343,1089
1753621096.527,1343,1088
1753621096.543,1343,1087
1753621096.543,1343,1085
1753621096.558,1343,1082
1753621096.574,1343,1080
1753621096.574,1343,1079
1753621096.574,1343,1078
1753621096.589,1343,1077
1753621096.589,1343,1075
1753621096.605,1343,1074
1753621096.605,1343,1073
1753621096.621,1343,1072
1753621096.621,1343,1071
1753621096.648,1342,1070
1753621096.659,1342,1069
1753621096.668,1342,1068
1753621096.668,1342,1066
1753621096.7,1342,1065
1753621096.714,1342,1064
1753621096.717,1342,1063
1753621096.719,1342,1062
1753621096.735,1340,1061
1753621096.746,1340,1060
1753621096.749,1340,1058
1753621096.768,1339,1057
1753621096.778,1339,1056
1753621096.796,1339,1055
1753621096.809,1339,1054
1753621096.814,1339,1053
1753621096.837,1339,1052
1753621096.842,1339,1050
1753621096.86,1338,1050
1753621096.86,1338,1049
1753621096.873,1337,1048
1753621096.873,1337,1047
1753621096.905,1337,1045
1753621096.905,1337,1043
1753621096.92,1337,1042
1753621096.92,1336,1041
1753621096.936,1336,1040
1753621096.952,1336,1039
1753621096.952,1336,1038
1753621096.952,1336,1037
1753621096.967,1335,1037
1753621096.967,1335,1036
1753621096.983,1335,1034
1753621096.998,1335,1033
1753621097.014,1335,1032
1753621097.061,1335,1031
1753621097.077,1335,1030
1753621097.092,1335,1029
1753621097.115,1335,1028
1753621097.124,1335,1026
1753621097.171,1335,1025
1753621097.218,1335,1024
1753621097.251,1335,1023
1753621097.256,1335,1023
1753621097.281,1335,1022
1753621097.312,1335,1021
1753621097.329,1336,1021
1753621097.344,1336,1020
1753621097.361,1336,1018
1753621097.375,1336,1017
1753621097.391,1336,1016
1753621097.407,1337,1016
1753621097.407,1337,1015
1753621097.427,1337,1014
1753621097.438,1337,1013
1753621097.455,1337,1012
1753621097.469,1337,1010
1753621097.469,1338,1010
1753621097.485,1338,1009
1753621097.532,1338,1008
1753621097.532,1338,1007
1753621097.548,1338,1006
1753621097.563,1338,1005
1753621097.579,1338,1004
1753621097.598,1338,1003
1753621097.611,1338,1001
1753621097.642,1339,1000
1753621097.658,1339,999
1753621097.658,1339,998
1753621097.68,1339,997
1753621097.69,1339,996
1753621097.707,1339,995
1753621097.721,1339,993
1753621097.721,1341,993
1753621097.721,1341,992
1753621097.753,1341,991
1753621097.784,1341,990
1753621097.784,1341,989
1753621097.8,1341,988
1753621097.8,1341,987
1753621097.831,1341,985
1753621097.831,1342,984
1753621097.847,1343,983
1753621097.862,1343,982
1753621097.878,1343,981
1753621097.925,1343,980
1753621097.94,1343,979
1753621097.956,1343,977
1753621097.987,1343,976
1753621098.003,1343,975
1753621098.034,1344,975
1753621098.066,1344,974
1753621098.101,1344,973
1753621098.105,1344,972
1753621098.129,1345,972
1753621098.131,1345,971
1753621098.145,1346,971
1753621098.161,1346,970
1753621098.176,1347,970
1753621098.178,1349,970
1753621098.198,1349,968
1753621098.201,1350,968
1753621098.213,1351,967
1753621098.219,1352,967
1753621098.226,1352,966
1753621098.226,1353,965
1753621098.255,1354,965
1753621098.255,1355,965
1753621098.272,1357,965
1753621098.302,1357,964
1753621098.318,1358,964
1753621098.318,1359,963
1753621098.318,1360,962
1753621098.334,1361,962
1753621098.349,1362,960
1753621098.349,1362,959
1753621098.349,1363,959
1753621098.365,1364,959
1753621098.365,1366,958
1753621098.38,1366,957
1753621098.396,1367,956
1753621098.396,1368,956
1753621098.396,1369,955
1753621098.396,1370,955
1753621098.412,1371,955
1753621098.412,1371,954
1753621098.43,1372,954
1753621098.43,1372,952
1753621098.443,1374,951
1753621098.443,1375,951
1753621098.443,1376,950
1753621098.459,1377,949
1753621098.475,1378,949
1753621098.475,1379,948
1753621098.475,1380,947
1753621098.49,1382,946
1753621098.49,1383,944
1753621098.506,1384,944
1753621098.506,1385,943
1753621098.522,1386,943
1753621098.522,1386,942
1753621098.537,1387,942
1753621098.553,1388,942
1753621098.568,1388,941
1753621098.584,1390,941
1753621098.584,1391,940
1753621098.6,1392,940
1753621098.631,1393,939
1753621098.631,1394,939
1753621098.647,1395,938
1753621098.678,1396,937
1753621098.68,1397,937
1753621098.68,1399,935
1753621098.694,1400,935
1753621098.71,1401,934
1753621098.71,1402,933
1753621098.71,1403,933
1753621098.726,1404,932
1753621098.726,1405,931
1753621098.74,1407,931
1753621098.754,1408,930
1753621098.757,1409,930
1753621098.761,1410,930
1753621098.763,1411,929
1753621098.773,1412,927
1753621098.788,1413,927
1753621098.789,1413,926
1753621098.789,1415,926
1753621098.789,1416,926
1753621098.836,1416,925
1753621098.865,1419,924
1753621098.867,1420,923
1753621098.869,1421,923
1753621098.869,1422,923
1753621098.88,1422,922
1753621098.887,1424,922
1753621098.899,1425,921
1753621098.914,1426,921
1753621098.914,1427,919
1753621098.93,1428,918
1753621098.946,1429,917
1753621098.994,1430,917
1753621099.025,1432,917
1753621099.025,1432,916
1753621099.04,1433,916
1753621099.04,1434,916
1753621099.056,1434,915
1753621099.056,1435,915
1753621099.056,1436,915
1753621099.071,1436,914
1753621099.071,1437,914
1753621099.103,1438,914
1753621099.134,1440,914
1753621099.134,1440,913
1753621099.15,1441,913
1753621099.166,1442,913
1753621099.181,1443,912
1753621099.181,1444,912
1753621099.181,1445,912
1753621099.181,1445,910
1753621099.197,1446,910
1753621099.213,1448,910
1753621099.213,1449,909
1753621099.228,1450,909
1753621099.228,1450,908
1753621099.244,1451,908
1753621099.259,1451,907
1753621099.259,1452,907
1753621099.275,1453,907
1753621099.291,1454,907
1753621099.306,1455,907
1753621099.322,1455,906
1753621099.322,1458,906
1753621099.338,1458,905
1753621099.338,1459,905
1753621099.353,1460,905
1753621099.369,1461,904
1753621099.385,1462,904
1753621099.385,1462,902
1753621099.385,1464,902
1753621099.402,1465,902
1753621099.417,1465,901
1753621099.417,1466,901
1753621099.417,1467,901
1753621099.448,1468,900
1753621099.464,1469,900
1753621099.479,1469,899
1753621099.495,1470,899
1753621099.526,1472,898
1753621099.526,1473,898
1753621099.526,1474,898
1753621099.542,1474,897
1753621099.557,1475,897
1753621099.557,1476,896
1753621099.557,1477,896
1753621099.582,1478,894
1753621099.589,1480,893
1753621099.683,1481,893
1753621099.825,1481,892
1753621099.856,1482,892
1753621099.887,1483,892
1753621099.903,1483,891
1753621099.919,1484,891
1753621099.965,1484,890
1753621099.981,1485,890
1753621099.981,1485,889
1753621100.028,1485,888
1753621100.075,1486,886
1753621100.122,1487,886
1753621100.264,1489,886
1753621100.298,1490,886
1753621100.301,1490,885
1753621100.311,1491,885
1753621100.33,1492,885
1753621100.33,1493,884
1753621100.36,1494,884
1753621100.375,1494,883
1753621100.375,1495,883
1753621100.516,1497,883
1753621100.563,1497,883
1753621100.595,1498,883
1753621100.595,1498,884
1753621100.626,1498,885
1753621100.642,1499,885
1753621100.657,1499,887
1753621100.673,1500,887
1753621100.689,1500,888
1753621100.72,1501,888
1753621100.72,1501,889
1753621100.764,1501,890
1753621100.769,1502,890
1753621100.789,1502,891
1753621100.802,1503,891
1753621100.811,1503,892
1753621100.832,1503,893
1753621100.832,1505,893
1753621100.851,1506,895
1753621100.879,1507,895
1753621100.896,1508,896
1753621100.913,1509,896
1753621100.957,1510,897
1753621100.958,1511,897
1753621100.973,1513,897
1753621100.973,1514,897
1753621100.989,1515,897
1753621100.989,1517,897
1753621101.004,1518,898
1753621101.004,1519,898
1753621101.02,1521,898
1753621101.035,1522,898
1753621101.035,1523,898
1753621101.035,1524,899
1753621101.051,1525,899
1753621101.082,1526,899
1753621101.114,1527,899
1753621101.114,1527,900
1753621101.16,1527,901
1753621101.16,1529,901
1753621101.192,1530,903
1753621101.207,1531,903
1753621101.207,1532,903
1753621101.223,1532,904
1753621101.238,1533,904
1753621101.254,1534,904
1753621101.273,1534,905
1753621101.28,1535,905
1753621101.289,1537,906
1753621101.291,1538,906
1753621101.301,1539,906
1753621101.301,1540,906
1753621101.317,1542,907
1753621101.317,1544,907
1753621101.333,1544,908
1753621101.333,1545,908
1753621101.348,1546,909
1753621101.364,1548,909
1753621101.364,1549,909
1753621101.364,1551,909
1753621101.38,1551,911
1753621101.395,1551,912
1753621101.411,1551,913
1753621101.411,1552,913
1753621101.426,1553,913
1753621101.426,1554,913
1753621101.442,1555,914
1753621101.442,1558,914
1753621101.442,1559,914
1753621101.458,1560,915
1753621101.473,1561,916
1753621101.489,1562,916
1753621101.489,1562,917
1753621101.505,1563,917
1753621101.52,1564,917
1753621101.52,1566,917
1753621101.537,1566,919
1753621101.537,1567,919
1753621101.537,1569,919
1753621101.552,1570,920
1753621101.552,1571,920
1753621101.568,1571,921
1753621101.568,1572,922
1753621101.568,1574,922
1753621101.583,1575,922
1753621101.599,1576,922
1753621101.615,1577,923
1753621101.646,1578,924
1753621101.678,1578,925
1753621101.678,1579,925
1753621101.693,1580,925
1753621101.711,1582,925
1753621101.725,1582,927
1753621101.74,1583,927
1753621101.756,1584,927
1753621101.772,1584,928
1753621101.787,1585,928
1753621101.803,1586,929
1753621101.85,1587,929
1753621101.865,1588,929
1753621101.897,1590,929
1753621101.897,1591,929
1753621101.897,1592,929
1753621101.912,1592,930
1753621101.912,1593,930
1753621101.928,1593,931
1753621101.928,1594,931
1753621101.928,1594,932
1753621101.943,1595,932
1753621101.943,1596,932
1753621101.959,1598,932
1753621101.959,1599,933
1753621101.975,1600,933
1753621101.975,1601,935
1753621101.99,1602,936
1753621101.99,1603,937
1753621101.99,1604,938
1753621102.006,1605,938
1753621102.006,1607,938
1753621102.022,1608,939
1753621102.084,1609,939
1753621102.1,1610,940
1753621102.115,1610,941
1753621102.138,1610,942
1753621102.164,1610,942
1753621102.164,1611,942
1753621102.195,1612,942
1753621102.242,1612,942
1753621102.289,1612,944
1753621102.289,1613,944
1753621102.32,1615,945
1753621102.352,1616,945
1753621102.383,1617,945
1753621102.414,1618,945
1753621102.43,1619,945
1753621102.43,1620,946
1753621102.445,1620,947
1753621102.461,1621,947
1753621102.476,1621,948
1753621102.476,1623,948
1753621102.492,1624,949
1753621102.508,1625,949
1753621102.523,1625,950
1753621102.523,1626,950
1753621102.57,1626,952
1753621102.57,1627,951
1753621102.586,1628,951
1753621102.601,1628,952
1753621102.601,1628,951
1753621102.617,1629,951
1753621102.633,1629,952
1753621102.648,1631,952
1753621102.664,1631,953
1753621102.681,1632,953
1753621102.696,1632,954
1753621102.713,1633,954
1753621102.727,1633,954
1753621102.791,1633,954
1753621102.804,1634,954
1753621102.875,1635,954
1753621102.891,1635,955
1753621102.936,1635,955
1753621102.947,1636,955
1753621102.989,1636,955
1753621103.027,1637,955
1753621103.057,1638,955
1753621103.146,1638,956
1753621103.152,1640,956
1753621103.183,1640,957
1753621103.23,1640,957
1753621103.275,1640,956
1753621103.309,1640,956
1753621103.309,1640,957
1753621103.34,1640,958
1753621103.402,1640,960
1753621103.418,1640,961
1753621103.481,1640,962
1753621103.496,1641,963
1753621103.512,1641,964
1753621103.527,1641,965
1753621103.543,1641,966
1753621103.559,1641,968
1753621103.574,1641,969
1753621103.59,1641,970
1753621103.606,1641,971
1753621103.606,1641,972
1753621103.621,1641,973
1753621103.621,1641,974
1753621103.652,1642,974
1753621103.668,1642,975
1753621103.699,1642,977
1753621103.731,1642,978
1753621103.746,1642,979
1753621103.746,1642,980
1753621103.777,1642,981
1753621103.793,1643,981
1753621103.793,1643,982
1753621103.793,1643,983
1753621103.793,1644,983
1753621103.809,1644,985
1753621103.84,1644,986
1753621103.856,1644,987
1753621103.871,1644,989
1753621103.871,1645,990
1753621103.887,1645,992
1753621103.887,1645,993
1753621103.902,1645,994
1753621103.918,1645,996
1753621103.949,1646,997
1753621103.949,1646,999
1753621103.949,1646,1000
1753621103.98,1646,1001
1753621103.996,1646,1002
1753621104.012,1646,1003
1753621104.012,1648,1004
1753621104.012,1648,1007
1753621104.027,1648,1008
1753621104.027,1648,1009
1753621104.043,1648,1010
1753621104.043,1648,1011
1753621104.059,1648,1012
1753621104.074,1648,1013
1753621104.074,1648,1016
1753621104.074,1648,1017
1753621104.09,1648,1018
1753621104.105,1648,1019
1753621104.105,1648,1020
1753621104.105,1649,1022
1753621104.123,1649,1023
1753621104.14,1649,1024
1753621104.14,1649,1025
1753621104.153,1649,1027
1753621104.153,1649,1029
1753621104.168,1649,1030
1753621104.184,1649,1031
1753621104.184,1650,1031
1753621104.2,1650,1032
1753621104.215,1650,1033
1753621104.231,1650,1034
1753621104.231,1650,1035
1753621104.231,1650,1036
1753621104.246,1650,1039
1753621104.262,1651,1042
1753621104.262,1651,1043
1753621104.262,1651,1044
1753621104.278,1651,1045
1753621104.278,1651,1047
1753621104.278,1651,1049
1753621104.293,1651,1050
1753621104.293,1651,1051
1753621104.309,1651,1052
1753621104.34,1651,1053
1753621104.357,1651,1054
1753621104.388,1651,1055
1753621104.405,1651,1057
1753621104.409,1651,1057
1753621104.419,1651,1058
1753621104.419,1651,1059
1753621104.436,1651,1060
1753621104.436,1651,1060
1753621104.451,1651,1061
1753621104.467,1651,1062
1753621104.482,1651,1063
1753621104.498,1651,1063
1753621104.498,1651,1065
1753621104.514,1651,1065
1753621104.545,1651,1066
1753621104.561,1651,1067
1753621104.576,1651,1068
1753621104.592,1651,1069
1753621104.607,1651,1070
1753621104.607,1651,1071
1753621104.623,1651,1072
1753621104.655,1651,1074
1753621104.655,1651,1075
1753621104.671,1651,1076
1753621104.671,1651,1077
1753621104.671,1651,1078
1753621104.702,1651,1079
1753621104.72,1651,1080
1753621104.735,1651,1082
1753621104.735,1651,1083
1753621104.748,1651,1084
1753621104.751,1652,1085
1753621104.766,1652,1086
1753621104.781,1652,1087
1753621104.781,1652,1088
1753621104.798,1652,1090
1753621104.829,1652,1091
1753621104.829,1652,1092
1753621104.846,1652,1093
1753621104.881,1652,1094
1753621104.895,1652,1095
1753621104.899,1652,1096
1753621104.91,1652,1098
1753621104.915,1652,1099
1753621104.924,1652,1100
1753621104.938,1652,1101
1753621104.94,1653,1102
1753621104.956,1653,1103
1753621104.956,1653,1104
1753621104.986,1653,1105
1753621105.002,1653,1107
1753621105.002,1653,1108
1753621105.002,1653,1109
1753621105.033,1653,1110
1753621105.033,1653,1111
1753621105.049,1653,1112
1753621105.064,1653,1113
1753621105.064,1653,1115
1753621105.08,1653,1116
1753621105.08,1653,1117
1753621105.096,1653,1118
1753621105.096,1653,1120
1753621105.111,1653,1122
1753621105.127,1653,1123
1753621105.127,1653,1124
1753621105.174,1653,1125
1753621105.174,1653,1126
1753621105.189,1653,1127
1753621105.205,1653,1128
1753621105.267,1653,1130
1753621105.267,1653,1131
1753621105.33,1652,1131
1753621105.377,1652,1132
1753621105.471,1652,1133
1753621105.471,1651,1133
1753621105.471,1651,1134
1753621105.504,1650,1135
1753621105.504,1650,1136
1753621105.519,1649,1136
1753621105.55,1648,1136
1753621105.55,1648,1137
1753621105.55,1647,1137
1753621105.581,1644,1140
1753621105.581,1643,1141
1753621105.581,1642,1145
1753621105.597,1640,1146
1753621105.597,1639,1147
1753621105.597,1637,1149
1753621105.613,1636,1150
1753621105.613,1636,1151
1753621105.628,1634,1151
1753621105.628,1634,1152
1753621105.661,1633,1153
1753621105.675,1633,1153
1753621105.707,1633,1152
1753621105.722,1633,1152
1753621105.722,1633,1152
1753621105.738,1633,1152
1753621105.785,1632,1153
1753621105.803,1632,1153
1753621105.817,1631,1153
1753621105.817,1631,1153
1753621105.846,1630,1153
1753621105.88,1629,1154
1753621105.899,1628,1154
1753621105.912,1628,1154
1753621105.929,1628,1154
1753621105.929,1627,1154
1753621105.959,1625,1154
1753621105.976,1624,1154
1753621106.007,1624,1155
1753621106.007,1623,1155
1753621106.054,1622,1155
1753621106.054,1622,1157
1753621106.054,1621,1157
1753621106.085,1620,1157
1753621106.116,1619,1158
1753621106.132,1617,1158
1753621106.132,1616,1158
1753621106.163,1616,1159
1753621106.179,1615,1159
1753621106.194,1614,1159
1753621106.194,1614,1160
1753621106.225,1613,1160
1753621106.241,1613,1161
1753621106.241,1612,1161
1753621106.257,1611,1161
1753621106.257,1611,1162
1753621106.257,1609,1162
1753621106.272,1609,1163
1753621106.288,1608,1163
1753621106.319,1607,1165
1753621106.335,1606,1166
1753621106.335,1605,1166
1753621106.35,1605,1167
1753621106.366,1604,1167
1753621106.366,1603,1167
1753621106.382,1603,1168
1753621106.382,1601,1169
1753621106.397,1600,1170
1753621106.397,1599,1170
1753621106.413,1598,1170
1753621106.413,1598,1171
1753621106.429,1597,1171
1753621106.429,1597,1173
1753621106.46,1596,1173
1753621106.46,1595,1174
1753621106.491,1594,1174
1753621106.507,1592,1174
1753621106.507,1592,1175
1753621106.522,1591,1175
1753621106.538,1590,1176
1753621106.554,1589,1177
1753621106.554,1588,1177
1753621106.554,1587,1178
1753621106.569,1586,1179
1753621106.569,1583,1181
1753621106.585,1582,1182
1753621106.6,1582,1183
1753621106.6,1581,1183
1753621106.616,1578,1184
1753621106.616,1577,1185
1753621106.632,1576,1185
1753621106.632,1576,1186
1753621106.632,1575,1186
1753621106.647,1574,1188
1753621106.647,1573,1188
1753621106.663,1571,1189
1753621106.663,1570,1190
1753621106.681,1569,1190
1753621106.686,1569,1191
1753621106.686,1568,1191
1753621106.695,1566,1191
1753621106.695,1566,1192
1753621106.712,1564,1192
1753621106.726,1563,1193
1753621106.726,1562,1193
1753621106.742,1561,1193
1753621106.772,1561,1194
1753621106.777,1560,1194
1753621106.804,1560,1196
1753621106.82,1559,1196
1753621106.82,1558,1196
1753621106.836,1557,1197
1753621106.852,1555,1198
1753621106.868,1554,1198
1753621106.885,1553,1198
1753621106.885,1552,1199
1753621106.885,1551,1199
1753621106.905,1550,1199
1753621106.905,1549,1200
1753621106.924,1547,1200
1753621106.931,1547,1201
1753621106.931,1546,1202
1753621106.947,1545,1202
1753621106.959,1544,1202
1753621106.992,1543,1202
1753621106.992,1543,1203
1753621107.007,1542,1203
1753621107.023,1541,1203
1753621107.039,1539,1203
1753621107.054,1538,1205
1753621107.07,1537,1205
1753621107.085,1535,1205
1753621107.101,1534,1206
1753621107.117,1532,1206
1753621107.148,1531,1207
1753621107.148,1530,1207
1753621107.148,1529,1208
1753621107.166,1528,1208
1753621107.18,1527,1209
1753621107.18,1526,1209
1753621107.196,1525,1209
1753621107.196,1523,1210
1753621107.211,1522,1210
1753621107.211,1521,1210
1753621107.227,1521,1211
1753621107.258,1520,1213
1753621107.274,1519,1213
1753621107.29,1518,1214
1753621107.305,1517,1214
1753621107.324,1517,1215
1753621107.337,1515,1215
1753621107.4,1514,1215
1753621107.416,1514,1216
1753621107.416,1513,1216
1753621107.463,1512,1216
1753621107.478,1512,1217
1753621107.51,1511,1217
1753621107.525,1511,1218
1753621107.557,1510,1218
1753621107.604,1509,1218
1753621107.73,1507,1218
1753621107.864,1506,1218
1753621107.949,1505,1218
1753621108.012,1505,1219
1753621108.059,1505,1221
1753621108.059,1504,1221
1753621108.123,1503,1222
1753621108.138,1503,1223
1753621108.169,1502,1223
1753621108.169,1502,1224
1753621108.169,1501,1224
1753621108.185,1501,1225
1753621108.2,1499,1225
1753621108.209,1498,1226
1753621108.216,1497,1227
1753621108.216,1496,1230
1753621108.216,1495,1231
1753621108.232,1494,1234
1753621108.249,1494,1235
1753621108.249,1491,1235
1753621108.264,1490,1236
1753621108.264,1490,1237
1753621108.301,1489,1237
1753621108.319,1489,1237
1753621108.406,1489,1237
1753621108.422,1489,1236
1753621108.453,1490,1236
1753621108.469,1491,1235
1753621108.484,1491,1233
1753621108.484,1492,1233
1753621108.516,1492,1232
1753621108.532,1494,1231
1753621108.547,1495,1230
1753621108.596,1496,1229
1753621108.642,1497,1229
1753621108.642,1497,1228
1753621108.658,1497,1227
1753621108.689,1497,1225
1753621108.72,1497,1224
1753621108.736,1497,1223
1753621108.736,1497,1222
1753621108.751,1497,1221
1753621108.767,1497,1220
1753621108.784,1497,1219
1753621108.797,1497,1217
1753621108.801,1497,1216
1753621108.814,1497,1215
1753621108.829,1497,1214
1753621108.855,1497,1213
1753621108.877,1497,1212
1753621108.877,1497,1211
1753621108.904,1497,1209
1753621108.919,1497,1208
1753621108.924,1497,1207
1753621108.927,1496,1206
1753621108.943,1496,1205
1753621108.956,1496,1204
1753621108.988,1496,1203
1753621108.988,1496,1202
1753621109.005,1496,1200
1753621109.018,1496,1199
1753621109.034,1496,1198
1753621109.05,1496,1197
1753621109.081,1496,1196
1753621109.097,1496,1195
1753621109.128,1496,1194
1753621109.128,1496,1192
1753621109.144,1496,1191
1753621109.159,1496,1190
1753621109.175,1496,1189
1753621109.206,1496,1188
1753621109.222,1496,1187
1753621109.253,1496,1186
1753621109.269,1496,1184
1753621109.315,1496,1183
1753621109.315,1497,1182
1753621109.315,1497,1181
1753621109.347,1497,1180
1753621109.347,1497,1179
1753621109.394,1497,1178
1753621109.415,1498,1176
1753621109.418,1498,1175
1753621109.425,1498,1174
1753621109.456,1498,1173
1753621109.487,1498,1172
1753621109.503,1498,1171
1753621109.519,1498,1170
1753621109.534,1498,1169
1753621109.566,1498,1167
1753621110.161,1499,1167
1753621110.161,1499,1166
1753621110.161,1500,1166
1753621110.177,1500,1165
1753621110.193,1500,1164
1753621110.224,1500,1163
1753621110.224,1502,1163
1753621110.239,1503,1162
1753621110.239,1504,1161
1753621110.271,1504,1159
1753621110.271,1505,1159
1753621110.271,1505,1158
1753621110.286,1506,1157
1753621110.286,1506,1156
1753621110.317,1506,1155
1753621110.333,1506,1154
1753621110.349,1507,1153
1753621110.349,1508,1151
1753621110.349,1508,1150
1753621110.378,1509,1149
1753621110.38,1509,1148
1753621110.396,1511,1148
1753621110.396,1511,1147
1753621110.427,1511,1146
1753621110.427,1511,1145
1753621110.427,1512,1145
1753621110.443,1513,1143
1753621110.459,1514,1142
1753621110.459,1515,1142
1753621110.474,1515,1142
1753621110.49,1515,1141
1753621110.505,1515,1140
1753621110.505,1515,1140
1753621110.537,1515,1139
1753621110.537,1515,1138
1753621110.537,1516,1138
1753621110.552,1517,1137
1753621110.552,1519,1136
1753621110.568,1519,1134
1753621110.584,1520,1133
1753621110.584,1521,1132
1753621110.584,1522,1132
1753621110.599,1522,1131
1753621110.615,1522,1130
1753621110.615,1523,1130
1753621110.631,1523,1129
1753621110.636,1523,1128
1753621110.636,1524,1126
1753621110.646,1525,1125
1753621110.663,1527,1124
1753621110.663,1527,1123
1753621110.678,1527,1122
1753621110.678,1528,1121
1753621110.709,1528,1120
1753621110.741,1529,1120
1753621110.756,1529,1118
1753621110.756,1530,1118
1753621110.772,1531,1118
1753621110.787,1531,1117
1753621110.803,1531,1117
1753621110.827,1530,1117
1753621110.83,1530,1116
1753621110.836,1530,1115
1753621110.852,1530,1115
1753621110.867,1530,1114
1753621110.867,1530,1113
1753621110.883,1530,1112
1753621110.897,1531,1112
1753621110.9,1531,1110
1753621110.9,1532,1109
1753621110.9,1533,1109
1753621110.916,1533,1108
1753621110.935,1533,1107
1753621110.954,1535,1106
1753621110.971,1536,1105
1753621110.978,1537,1105
1753621110.988,1538,1104
1753621110.994,1538,1103
1753621110.994,1539,1101
1753621111.009,1539,1099
1753621111.01,1539,1098
1753621111.026,1539,1097
1753621111.027,1539,1096
1753621111.039,1539,1094
1753621111.055,1539,1093
1753621111.055,1540,1092
1753621111.086,1540,1091
1753621111.102,1541,1090
1753621111.102,1541,1089
1753621111.102,1542,1088
1753621111.118,1544,1086
1753621111.133,1544,1085
1753621111.133,1544,1084
1753621111.149,1545,1084
1753621111.165,1545,1083
1753621111.18,1545,1082
1753621111.196,1545,1082
1753621111.211,1545,1081
1753621111.23,1546,1081
1753621111.233,1547,1081
1753621111.233,1547,1080
1753621111.259,1547,1078
1753621111.26,1547,1077
1753621111.26,1547,1076
1753621111.275,1547,1076
1753621111.29,1547,1075
1753621111.29,1548,1074
1753621111.29,1549,1074
1753621111.29,1549,1073
1753621111.321,1549,1072
1753621111.353,1549,1071
1753621111.353,1550,1071
1753621111.368,1550,1071
1753621111.384,1550,1071
1753621111.4,1550,1069
1753621111.4,1550,1067
1753621111.431,1552,1066
1753621111.446,1552,1065
1753621111.462,1552,1064
1753621111.478,1553,1062
1753621111.493,1553,1061
1753621111.493,1554,1061
1753621111.509,1554,1060
1753621111.509,1555,1060
1753621111.525,1556,1059
1753621111.54,1556,1058
1753621111.556,1556,1057
1753621111.571,1557,1057
1753621111.571,1557,1056
1753621111.587,1557,1054
1753621111.603,1557,1053
1753621111.618,1558,1052
1753621111.634,1558,1051
1753621111.634,1560,1051
1753621111.65,1560,1050
1753621111.665,1561,1050
1753621111.698,1561,1049
1753621111.703,1562,1049
1753621111.73,1563,1049
1753621111.759,1563,1049
1753621111.806,1563,1049
1753621111.806,1563,1049
1753621111.853,1563,1049
1753621111.869,1563,1050
1753621111.869,1563,1050
1753621111.9,1563,1051
1753621111.916,1562,1052
1753621111.947,1562,1053
1753621111.963,1562,1055
1753621111.963,1563,1056
1753621111.978,1563,1057
1753621111.994,1562,1058
1753621111.994,1562,1059
1753621111.994,1561,1060
1753621112.009,1561,1061
1753621112.009,1561,1063
1753621112.025,1561,1064
1753621112.041,1559,1066
1753621112.041,1558,1066
1753621112.056,1558,1067
1753621112.072,1557,1067
1753621112.072,1557,1068
1753621112.072,1556,1070
1753621112.088,1556,1070
1753621112.088,1556,1071
1753621112.103,1556,1072
1753621112.119,1556,1073
1753621112.134,1555,1073
1753621112.15,1555,1074
1753621112.166,1555,1075
1753621112.197,1554,1076
1753621112.213,1552,1076
1753621112.213,1552,1078
1753621112.246,1552,1079
1753621112.26,1551,1080
1753621112.307,1550,1080
1753621112.307,1550,1081
1753621112.307,1550,1081
1753621112.323,1550,1081
1753621112.344,1550,1082
1753621112.355,1550,1082
1753621112.355,1550,1083
1753621112.383,1549,1083
1753621112.386,1549,1084
1753621112.419,1548,1084
1753621112.433,1548,1086
1753621112.511,1547,1086
1753621112.511,1547,1087
1753621112.543,1546,1087
1753621112.543,1546,1088
1753621112.574,1546,1089
1753621112.574,1545,1090
1753621112.574,1543,1091
1753621112.596,1543,1092
1753621112.605,1543,1094
1753621112.605,1542,1094
1753621112.623,1542,1095
1753621112.623,1541,1095
1753621112.637,1541,1096
1753621112.637,1541,1097
1753621112.653,1540,1097
1753621112.669,1539,1098
1753621112.669,1538,1099
1753621112.684,1538,1100
1753621112.684,1537,1101
1753621112.7,1535,1103
1753621112.7,1535,1104
1753621112.7,1535,1105
1753621112.715,1534,1105
1753621112.762,1534,1106
1753621112.762,1533,1107
1753621112.778,1533,1108
1753621112.778,1532,1109
1753621112.793,1532,1111
1753621112.809,1532,1112
1753621112.809,1531,1112
1753621112.842,1531,1113
1753621112.842,1530,1114
1753621112.872,1529,1114
1753621112.872,1529,1115
1753621112.914,1527,1116
1753621112.926,1526,1117
1753621112.931,1526,1119
1753621112.955,1525,1120
1753621112.955,1524,1121
1753621112.968,1524,1122
1753621112.982,1524,1123
1753621112.996,1523,1124
1753621112.997,1523,1125
1753621113.004,1522,1126
1753621113.021,1521,1128
1753621113.036,1521,1130
1753621113.036,1521,1131
1753621113.045,1519,1132
1753621113.051,1518,1133
1753621113.053,1517,1135
1753621113.066,1516,1136
1753621113.077,1516,1137
1753621113.077,1516,1138
1753621113.094,1515,1139
1753621113.094,1514,1139
1753621113.108,1513,1140
1753621113.124,1513,1141
1753621113.155,1513,1143
1753621113.171,1513,1144
1753621113.202,1512,1145
1753621113.215,1512,1146
1753621113.218,1510,1146
1753621113.218,1510,1147
1753621113.233,1510,1148
1753621113.249,1509,1149
1753621113.25,1508,1149
1753621113.25,1508,1151
1753621113.25,1507,1151
1753621113.265,1507,1152
1753621113.296,1507,1153
1753621113.327,1507,1154
1753621113.34,1507,1155
1753621113.375,1506,1155
1753621113.389,1506,1156
1753621113.422,1506,1157
1753621113.469,1505,1157
1753621113.485,1505,1158
1753621113.531,1505,1160
1753621113.563,1505,1161
1753621113.578,1504,1162
1753621113.594,1504,1163
1753621113.61,1504,1164
1753621113.61,1502,1165
1753621113.625,1502,1166
1753621113.625,1501,1168
1753621113.641,1501,1169
1753621113.656,1500,1170
1753621113.672,1500,1171
1753621113.719,1499,1171
1753621113.719,1499,1172
1753621113.719,1499,1172
1753621113.813,1499,1172
1753621113.828,1499,1172
1753621113.938,1498,1172
1753621113.96,1498,1171
1753621113.97,1498,1170
1753621113.987,1498,1169
1753621114.017,1498,1167
1753621114.033,1498,1166
1753621114.048,1497,1165
1753621114.048,1496,1164
1753621114.064,1496,1163
1753621114.095,1496,1162
1753621114.095,1494,1162
1753621114.095,1494,1161
1753621114.111,1493,1159
1753621114.126,1492,1158
1753621114.142,1492,1157
1753621114.173,1492,1156
1753621114.189,1491,1156
1753621114.189,1491,1155
1753621114.189,1491,1154
1753621114.204,1490,1154
1753621114.204,1490,1153
1753621114.236,1489,1152
1753621114.251,1489,1150
1753621114.298,1489,1149
1753621114.314,1488,1148
1753621114.345,1488,1147
1753621114.345,1486,1147
1753621114.361,1486,1146
1753621114.397,1485,1146
1753621114.414,1485,1145
1753621114.423,1485,1144
1753621114.455,1484,1144
1753621114.455,1484,1142
1753621114.486,1483,1141
1753621114.517,1483,1140
1753621114.533,1482,1140
1753621114.548,1482,1139
1753621114.564,1481,1139
1753621114.595,1481,1138
1753621114.595,1480,1138
1753621114.611,1480,1137
1753621114.667,1479,1137
1753621114.674,1479,1136
1753621114.689,1477,1136
1753621114.721,1477,1134
1753621114.752,1476,1133
1753621114.783,1476,1132
1753621114.822,1476,1131
1753621114.831,1475,1131
1753621114.847,1475,1130
1753621114.878,1474,1129
1753621114.899,1473,1128
1753621114.941,1473,1127
1753621114.959,1473,1125
1753621114.99,1473,1124
1753621114.99,1472,1124
1753621115.053,1471,1123
1753621115.08,1471,1122
1753621115.086,1469,1122
1753621115.1,1469,1121
1753621115.131,1469,1120
1753621115.145,1468,1120
1753621115.145,1468,1119
1753621115.161,1467,1117
1753621115.177,1467,1115
1753621115.192,1466,1114
1753621115.192,1466,1111
1753621115.192,1465,1109
1753621115.208,1463,1106
1753621115.208,1463,1102
1753621115.208,1462,1099
1753621115.224,1462,1095
1753621115.224,1461,1092
1753621115.239,1459,1089
1753621115.239,1459,1087
1753621115.255,1459,1086
1753621115.27,1459,1084
1753621115.27,1459,1083
1753621115.32,1458,1083
1753621115.412,1457,1083
1753621115.459,1457,1082
1753621115.474,1456,1082
1753621115.553,1455,1082
1753621115.569,1455,1081
1753621115.616,1455,1080
1753621115.631,1453,1080
1753621115.663,1453,1079
1753621115.694,1452,1079
1753621115.772,1452,1078
1753621115.803,1451,1078
1753621115.834,1451,1076
1753621115.885,1450,1075
1753621115.929,1450,1074
1753621115.961,1449,1074
1753621115.979,1449,1073
1753621116.04,1449,1072
1753621116.04,1448,1072
1753621116.055,1448,1071
1753621116.071,1448,1070
1753621116.086,1447,1070
1753621116.118,1447,1068
1753621116.196,1447,1067
1753621116.211,1446,1067
1753621116.227,1446,1066
1753621116.29,1444,1066
1753621116.336,1444,1065
1753621116.368,1444,1064
1753621116.368,1443,1064
1753621116.383,1443,1063
1753621116.415,1443,1062
1753621116.461,1443,1060
1753621116.477,1442,1060
1753621116.508,1442,1059
1753621116.54,1442,1058
1753621116.555,1441,1058
1753621116.649,1441,1057
1753621116.649,1440,1057
1753621116.718,1440,1056
1753621116.744,1439,1056
1753621116.774,1439,1055
1753621116.79,1439,1054
1753621116.821,1439,1053
1753621116.837,1438,1053
1753621116.837,1438,1051
1753621116.837,1438,1050
1753621116.853,1436,1050
1753621116.853,1436,1049
1753621116.931,1436,1048
1753621116.931,1434,1047
1753621116.931,1434,1046
1753621116.958,1434,1045
1753621116.968,1434,1043
1753621116.99,1434,1042
1753621117.01,1434,1041
1753621117.025,1433,1041
1753621117.057,1433,1040
1753621117.093,1433,1039
1753621117.102,1432,1039
1753621117.109,1432,1038
1753621117.118,1432,1037
1753621117.134,1432,1035
1753621117.165,1431,1035
1753621117.181,1431,1034
1753621117.228,1430,1034
1753621117.228,1430,1033
1753621117.306,1428,1033
1753621117.337,1427,1033
1753621117.432,1426,1033
1753621117.45,1426,1033
1753621117.48,1426,1033
1753621117.651,1426,1032
1753621117.651,1425,1032
1753621117.793,1425,1032
1753621117.824,1425,1033
1753621117.871,1425,1034
1753621117.881,1425,1034
1753621117.904,1425,1036
1753621117.919,1426,1036
1753621117.981,1426,1037
1753621118.092,1426,1037
1753621118.279,1426,1035
1753621118.358,1426,1034
1753621118.5,1426,1034
1753621118.609,1426,1034
1753621118.641,1426,1036
1753621118.656,1426,1036
1753621118.687,1426,1037
1753621118.703,1427,1037
1753621118.719,1427,1038
1753621118.719,1429,1038
1753621118.734,1429,1039
1753621118.75,1430,1039
1753621118.765,1430,1040
1753621118.781,1431,1040
1753621118.797,1431,1041
1753621118.812,1432,1041
1753621118.828,1432,1042
1753621118.859,1433,1042
1753621118.875,1433,1044
1753621118.891,1434,1044
1753621118.907,1434,1045
1753621118.908,1435,1045
1753621118.922,1435,1046
1753621118.954,1437,1046
1753621118.954,1437,1047
1753621118.954,1437,1048
1753621118.969,1438,1048
1753621118.971,1438,1049
1753621119.001,1438,1050
1753621119.019,1439,1052
1753621119.054,1439,1053
1753621119.081,1439,1054
1753621119.098,1439,1055
1753621119.1,1440,1055
1753621119.117,1440,1056
1753621119.143,1441,1056
1753621119.159,1441,1057
1753621119.174,1441,1058
1753621119.205,1442,1058
1753621119.221,1442,1059
1753621119.268,1442,1061
1753621119.283,1443,1061
1753621119.299,1443,1062
1753621119.362,1445,1062
1753621119.362,1445,1063
1753621119.393,1445,1064
1753621119.424,1445,1065
1753621119.424,1446,1065
1753621119.456,1446,1066
1753621119.488,1446,1067
1753621119.503,1447,1067
1753621119.534,1448,1067
1753621119.534,1448,1069
1753621119.55,1448,1070
1753621119.566,1449,1071
1753621119.581,1449,1072
1753621119.597,1449,1073
1753621119.644,1449,1074
1753621119.644,1450,1074
1753621119.675,1450,1075
1753621119.707,1450,1077
1753621119.722,1451,1077
1753621119.722,1451,1078
1753621119.738,1451,1079
1753621119.753,1451,1080
1753621119.769,1451,1081
1753621119.785,1451,1082
1753621119.8,1451,1083
1753621119.8,1452,1083
1753621119.816,1452,1085
1753621119.847,1452,1086
1753621119.847,1452,1087
1753621119.883,1454,1087
1753621119.888,1454,1088
1753621119.91,1454,1089
1753621119.957,1455,1089
1753621120.005,1455,1090
1753621120.068,1456,1090
1753621120.083,1456,1091
1753621120.099,1456,1092
1753621120.114,1457,1092
1753621120.114,1457,1094
1753621120.162,1458,1095
1753621120.177,1458,1096
1753621120.193,1459,1097
1753621120.224,1460,1098
1753621120.24,1460,1099
1753621120.24,1462,1099
1753621120.24,1462,1100
1753621120.256,1463,1102
1753621120.287,1463,1103
1753621120.287,1464,1103
1753621120.318,1464,1104
1753621120.318,1465,1105
1753621120.334,1465,1106
1753621120.349,1466,1106
1753621120.349,1466,1107
1753621120.365,1466,1108
1753621120.381,1467,1108
1753621120.389,1467,1110
1753621120.397,1467,1111
1753621120.412,1468,1112
1753621120.43,1468,1113
1753621120.444,1470,1113
1753621120.444,1470,1114
1753621120.459,1471,1115
1753621120.486,1471,1116
1753621120.491,1471,1118
1753621120.506,1472,1119
1753621120.524,1472,1120
1753621120.538,1472,1121
1753621120.553,1473,1121
1753621120.569,1473,1122
1753621120.569,1474,1122
1753621120.585,1474,1123
1753621120.6,1474,1124
1753621120.616,1474,1125
1753621120.64,1475,1125
1753621120.648,1475,1127
1753621120.648,1475,1128
1753621120.679,1476,1129
1753621120.695,1478,1130
1753621120.711,1478,1131
1753621120.726,1478,1132
1753621120.757,1478,1133
1753621120.773,1479,1135
1753621120.789,1479,1136
1753621120.789,1480,1137
1753621120.804,1480,1138
1753621120.867,1480,1139
1753621120.883,1481,1141
1753621120.883,1482,1141
1753621120.915,1482,1143
1753621120.925,1483,1143
1753621120.929,1483,1144
1753621120.935,1483,1145
1753621120.946,1483,1146
1753621120.961,1484,1147
1753621120.978,1485,1148
1753621120.994,1487,1149
1753621121.006,1487,1151
1753621121.04,1487,1152
1753621121.043,1488,1152
1753621121.043,1488,1153
1753621121.057,1488,1154
1753621121.076,1489,1154
1753621121.077,1489,1155
1753621121.094,1489,1156
1753621121.105,1490,1156
1753621121.118,1490,1157
1753621121.14,1491,1157
1753621121.157,1491,1158
1753621121.182,1491,1160
1753621121.229,1492,1160
1753621121.229,1492,1161
1753621121.291,1492,1162
1753621121.307,1493,1162
1753621121.307,1493,1163
1753621121.37,1493,1164
1753621121.385,1495,1164
1753621121.432,1495,1165
1753621121.448,1496,1165
1753621121.479,1496,1166
1753621121.557,1496,1168
1753621121.604,1496,1169
1753621121.635,1496,1170
1753621121.666,1496,1171
1753621121.682,1496,1172
1753621121.713,1496,1173
1753621121.735,1496,1174
1753621121.744,1496,1176
1753621121.762,1496,1177
1753621121.792,1496,1178
1753621121.808,1496,1179
1753621121.823,1496,1180
1753621121.839,1496,1181
1753621121.854,1496,1182
1753621121.87,1496,1184
1753621121.886,1496,1185
1753621121.901,1496,1186
1753621121.933,1496,1187
1753621121.948,1496,1188
1753621121.964,1496,1189
1753621121.995,1496,1190
1753621121.995,1496,1191
1753621122.026,1496,1193
1753621122.026,1496,1194
1753621122.058,1496,1195
1753621122.089,1496,1196
1753621122.122,1497,1197
1753621122.136,1497,1197
1753621122.136,1497,1198
1753621122.168,1497,1199
1753621122.168,1497,1199
1753621122.183,1497,1201
1753621122.214,1497,1202
1753621122.261,1497,1203
1753621122.277,1497,1204
1753621122.308,1497,1205
1753621122.339,1497,1206
1753621122.339,1497,1207
1753621122.371,1497,1209
1753621122.418,1497,1210
1753621122.433,1497,1211
1753621122.48,1497,1212
1753621122.512,1497,1213
1753621122.544,1498,1214
1753621122.622,1498,1215
1753621122.67,1498,1217
1753621122.701,1498,1218
1753621122.748,1498,1219
1753621122.779,1498,1220
1753621122.811,1498,1221
1753621122.858,1498,1222
1753621122.889,1498,1223
1753621122.92,1498,1224
1753621123.033,1498,1224
1753621123.048,1498,1223
1753621123.064,1498,1222
1753621123.078,1498,1221
1753621123.09,1498,1220
1753621123.095,1498,1219
1753621123.095,1497,1219
1753621123.109,1497,1216
1753621123.125,1496,1215
1753621123.146,1496,1214
1753621123.146,1494,1214
1753621123.161,1494,1213
1753621123.174,1494,1212
1753621123.193,1493,1212
1753621123.205,1493,1211
1753621123.219,1492,1211
1753621123.267,1491,1211
1753621123.314,1490,1211
1753621123.345,1489,1211
1753621123.362,1488,1211
1753621123.425,1486,1211
1753621123.437,1485,1211
1753621123.461,1484,1211
1753621123.502,1483,1211
1753621123.519,1482,1211
1753621123.52,1481,1211
1753621123.549,1481,1211
1753621123.565,1480,1211
1753621123.581,1479,1211
1753621123.596,1477,1211
1753621123.612,1476,1211
1753621123.612,1475,1211
1753621123.628,1475,1209
1753621123.643,1474,1209
1753621123.659,1473,1209
1753621123.659,1472,1209
1753621123.674,1471,1208
1753621123.69,1469,1208
1753621123.721,1468,1207
1753621123.721,1467,1207
1753621123.753,1466,1207
1753621123.753,1465,1207
1753621123.768,1464,1207
1753621123.768,1463,1207
1753621123.784,1463,1206
1753621123.799,1461,1206
1753621123.799,1460,1206
1753621123.799,1459,1206
1753621123.815,1458,1205
1753621123.831,1457,1205
1753621123.862,1456,1205
1753621123.878,1456,1204
1753621123.893,1455,1203
1753621123.909,1453,1203
1753621123.909,1453,1201
1753621123.924,1452,1201
1753621123.956,1452,1200
1753621123.956,1451,1200
1753621123.971,1450,1199
1753621124.002,1449,1199
1753621124.034,1448,1198
1753621124.049,1447,1197
1753621124.065,1447,1196
1753621124.096,1446,1196
1753621124.112,1444,1196
1753621124.143,1443,1196
1753621124.143,1443,1195
1753621124.159,1442,1195
1753621124.174,1441,1195
1753621124.19,1440,1195
1753621124.19,1440,1193
1753621124.206,1439,1193
1753621124.206,1438,1193
1753621124.221,1436,1193
1753621124.237,1435,1192
1753621124.252,1434,1192
1753621124.268,1433,1192
1753621124.284,1432,1192
1753621124.299,1431,1191
1753621124.299,1430,1191
1753621124.299,1428,1191
1753621124.315,1427,1191
1753621124.315,1427,1190
1753621124.331,1426,1190
1753621124.331,1425,1190
1753621124.346,1424,1190
1753621124.346,1423,1189
1753621124.362,1422,1189
1753621124.362,1420,1189
1753621124.377,1419,1189
1753621124.393,1418,1188
1753621124.409,1417,1188
1753621124.409,1416,1188
1753621124.424,1415,1188
1753621124.44,1414,1188
1753621124.487,1413,1187
1753621124.487,1410,1187
1753621124.502,1409,1187
1753621124.502,1408,1186
1753621124.518,1407,1186
1753621124.534,1406,1186
1753621124.565,1405,1184
1753621124.565,1403,1184
1753621124.58,1402,1184
1753621124.58,1401,1184
1753621124.596,1401,1183
1753621124.627,1400,1183
1753621124.627,1400,1182
1753621124.643,1399,1182
1753621124.661,1399,1181
1753621124.676,1398,1181
1753621124.693,1397,1181
1753621124.706,1395,1180
1753621124.737,1394,1180
1753621124.768,1393,1180
1753621124.768,1393,1179
1753621124.784,1392,1179
1753621124.799,1392,1178
1753621124.815,1391,1178
1753621124.831,1390,1178
1753621124.831,1390,1176
1753621124.846,1389,1176
1753621124.862,1387,1175
1753621124.893,1386,1175
1753621124.909,1386,1174
1753621124.909,1385,1174
1753621124.956,1384,1174
1753621124.956,1384,1173
1753621124.975,1383,1173
1753621124.987,1383,1172
1753621125.003,1382,1172
1753621125.02,1382,1171
1753621125.036,1381,1171
1753621125.054,1380,1171
1753621125.079,1380,1170
1753621125.084,1378,1170
1753621125.098,1378,1168
1753621125.098,1377,1168
1753621125.112,1377,1167
1753621125.129,1376,1167
1753621125.14,1375,1166
1753621125.147,1374,1166
1753621125.147,1374,1165
1753621125.16,1373,1164
1753621125.171,1372,1164
1753621125.175,1370,1163
1753621125.178,1369,1162
1753621125.189,1368,1160
1753621125.195,1367,1159
1753621125.195,1366,1158
1753621125.207,1365,1158
1753621125.217,1364,1158
1753621125.224,1364,1157
1753621125.238,1362,1156
1753621125.238,1361,1156
1753621125.253,1361,1155
1753621125.269,1360,1155
1753621125.331,1359,1154
1753621125.41,1359,1153
1753621125.41,1358,1153
1753621125.456,1358,1151
1753621125.519,1357,1151
1753621125.535,1357,1150
1753621125.55,1356,1150
1753621125.629,1354,1150
1753621125.645,1354,1149
1753621125.707,1353,1149
1753621125.77,1353,1148
1753621125.85,1353,1147
1753621125.864,1352,1147
1753621125.88,1352,1146
1753621125.944,1352,1145
1753621125.959,1352,1143
1753621125.974,1351,1142
1753621126.012,1351,1141
1753621126.022,1351,1140
1753621126.039,1351,1139
1753621126.053,1351,1138
1753621126.069,1351,1137
1753621126.069,1351,1135
1753621126.084,1351,1133
1753621126.084,1351,1132
1753621126.1,1350,1131
1753621126.1,1350,1130
1753621126.116,1350,1128
1753621126.131,1350,1127
1753621126.194,1350,1126
1753621126.289,1350,1125
1753621126.32,1350,1124
1753621126.34,1350,1124
1753621126.352,1350,1123
1753621126.399,1350,1122
1753621126.399,1350,1121
1753621126.414,1350,1119
1753621126.414,1350,1118
1753621126.43,1350,1117
1753621126.445,1350,1116
1753621126.492,1350,1115
1753621126.508,1350,1114
1753621126.524,1350,1113
1753621126.539,1350,1111
1753621126.539,1350,1110
1753621126.57,1351,1110
1753621126.57,1351,1109
1753621126.586,1351,1108
1753621126.586,1351,1107
1753621126.617,1351,1106
1753621126.633,1351,1105
1753621126.633,1351,1103
1753621126.649,1351,1101
1753621126.649,1351,1100
1753621126.664,1351,1097
1753621126.664,1351,1096
1753621126.664,1351,1094
1753621126.68,1352,1093
1753621126.68,1352,1092
1753621126.695,1352,1091
1753621126.711,1352,1089
1753621126.711,1352,1088
1753621126.727,1352,1087
1753621126.747,1352,1086
1753621126.758,1352,1085
1753621126.776,1352,1084
1753621126.776,1352,1083
1753621126.776,1352,1081
1753621126.79,1352,1079
1753621126.806,1352,1075
1753621126.806,1352,1074
1753621126.853,1352,1072
1753621126.853,1351,1072
1753621126.884,1351,1071
1753621126.915,1351,1070
1753621126.947,1351,1069
1753621126.98,1351,1068
1753621126.996,1351,1067
1753621127.025,1351,1066
1753621127.057,1351,1064
1753621127.068,1351,1063
1753621127.072,1351,1061
1753621127.076,1351,1060
1753621127.1,1351,1059
1753621127.106,1351,1058
1753621127.12,1351,1056
1753621127.139,1351,1055
1753621127.139,1350,1055
1753621127.169,1350,1054
1753621127.218,1350,1053
1753621127.219,1350,1052
1753621127.232,1350,1051
1753621127.249,1349,1051
1753621127.261,1349,1050
1753621127.293,1349,1048
1753621127.324,1349,1047
1753621127.34,1349,1046
1753621127.34,1349,1045
1753621127.356,1348,1045
1753621127.356,1348,1044
1753621127.371,1348,1043
1753621127.434,1348,1042
1753621127.466,1348,1040
1753621127.467,1348,1039
1753621127.481,1348,1038
1753621127.481,1348,1036
1753621127.497,1348,1035
1753621127.513,1348,1033
1753621127.513,1348,1032
1753621127.583,1348,1031
1753621127.624,1348,1030
1753621127.639,1348,1029
1753621127.655,1348,1028
1753621127.686,1348,1027
1753621127.702,1348,1026
1753621127.717,1348,1024
1753621127.733,1348,1023
1753621127.749,1348,1022
1753621127.764,1348,1021
1753621127.78,1348,1020
1753621127.78,1348,1019
1753621127.795,1349,1019
1753621127.811,1349,1018
1753621127.827,1349,1016
1753621127.842,1350,1015
1753621127.842,1350,1014
1753621127.842,1350,1013
1753621127.858,1350,1012
1753621127.874,1350,1011
1753621127.936,1350,1010
1753621127.969,1350,1008
1753621127.979,1350,1007
1753621127.984,1350,1006
1753621128.047,1350,1005
1753621128.047,1350,1000
1753621128.062,1350,999
1753621128.062,1350,998
1753621128.062,1350,997
1753621128.078,1350,996
1753621128.094,1350,995
1753621128.109,1350,994
1753621128.109,1350,993
1753621128.125,1350,991
1753621128.125,1351,991
1753621128.151,1351,990
1753621128.152,1351,989
1753621128.156,1351,988
1753621128.172,1351,987
1753621128.219,1351,986
1753621128.219,1351,985
1753621128.25,1351,983
1753621128.282,1351,982
1753621128.313,1351,981
1753621128.344,1351,980
1753621128.344,1351,979
1753621128.418,1351,978
1753621128.472,1351,977
1753621128.507,1351,975
1753621128.533,1351,974
1753621128.58,1351,974
1753621128.588,1351,973
1753621128.628,1351,972
1753621128.644,1351,971
1753621128.7,1351,970
1753621128.706,1350,970
1753621128.714,1350,969
1753621128.737,1349,967
1753621128.768,1348,966
1753621128.8,1348,965
1753621129.004,1347,965
1753621129.05,1347,964
1753621129.191,1347,964
1753621129.226,1348,964
1753621129.237,1349,964
1753621129.243,1350,964
1753621129.271,1351,964
1753621129.286,1352,964
1753621129.317,1352,965
1753621129.317,1353,965
1753621129.333,1355,966
1753621129.348,1356,966
1753621129.364,1356,968
1753621129.379,1357,968
1753621129.426,1358,968
1753621129.442,1358,969
1753621129.458,1359,969
1753621129.481,1359,970
1753621129.521,1360,970
1753621129.554,1360,971
1753621129.584,1361,971
1753621129.6,1363,971
1753621129.679,1364,972
1753621129.694,1365,972
1753621129.74,1366,972
1753621129.757,1366,973
1753621129.757,1367,973
1753621129.774,1368,973
1753621129.835,1368,974
1753621129.835,1369,974
1753621129.898,1371,974
1753621129.913,1372,974
1753621129.977,1373,974
1753621130.06,1374,974
1753621130.089,1375,974
1753621130.119,1376,974
1753621130.136,1377,974
1753621130.166,1379,974
1753621130.213,1380,974
1753621130.244,1381,974
1753621130.276,1382,974
1753621130.323,1383,974
1753621130.358,1384,974
1753621130.387,1385,974
1753621130.418,1386,974
1753621130.433,1388,974
1753621130.48,1389,974
1753621130.527,1390,974
1753621130.558,1391,974
1753621130.605,1392,974
1753621130.621,1393,974
1753621130.652,1394,974
1753621130.699,1396,974
1753621130.728,1397,974
1753621130.746,1398,974
1753621130.777,1399,974
1753621130.825,1400,974
1753621130.882,1401,974
1753621130.905,1402,974
1753621130.935,1404,974
1753621130.966,1405,974
1753621131.014,1406,974
1753621131.043,1407,974
1753621131.247,1407,976
1753621131.388,1407,976
1753621131.395,1407,977
1753621131.42,1406,977
1753621131.514,1405,977
1753621131.545,1403,977
1753621131.577,1402,977
1753621131.608,1401,977
1753621131.639,1401,978
1753621131.67,1400,978
1753621131.686,1399,978
1753621131.765,1399,979
1753621131.828,1399,980
1753621131.922,1399,981
1753621131.953,1399,981
1753621131.984,1399,982
1753621132.109,1399,984
1753621132.125,1400,984
1753621132.219,1401,984
1753621132.26,1402,984
1753621132.28,1404,985
1753621132.314,1405,985
1753621132.314,1405,986
1753621132.345,1406,986
1753621132.393,1407,987
1753621132.471,1407,988
1753621132.518,1407,989
1753621132.597,1407,990
1753621132.644,1408,990
1753621132.676,1408,992
1753621132.691,1409,992
1753621132.707,1410,992
1753621132.722,1410,993
1753621132.754,1412,993
1753621132.785,1413,993
1753621132.8,1413,994
1753621132.816,1414,994
1753621133.004,1415,995
1753621133.083,1415,996
1753621133.099,1415,996
1753621133.117,1415,997
1753621133.148,1415,998
1753621133.234,1415,999
1753621133.948,1414,999
1753621133.98,1414,998
1753621134.012,1413,998
1753621134.027,1413,997
1753621134.043,1411,997
1753621134.074,1411,996
1753621134.091,1411,995
1753621134.106,1410,995
1753621134.153,1409,995
1753621134.169,1409,994
1753621134.231,1409,993
1753621134.247,1408,993
1753621134.262,1408,991
1753621134.34,1408,990
1753621134.435,1408,989
1753621134.451,1408,988
1753621134.466,1407,988
1753621134.497,1407,987
1753621134.529,1407,986
1753621134.56,1406,986
1753621134.56,1406,985
1753621134.575,1405,983
1753621134.622,1405,982
1753621134.716,1405,981
1753621134.873,1403,980
1753621134.936,1402,980
1753621135.046,1401,980
1753621135.089,1400,980
1753621135.14,1399,980
1753621135.171,1398,980
1753621135.204,1398,979
1753621135.221,1397,979
1753621135.234,1395,979
1753621135.298,1394,979
1753621135.313,1393,979
1753621135.344,1392,979
1753621135.36,1392,978
1753621135.378,1391,978
1753621135.423,1390,978
1753621135.439,1390,977
1753621135.471,1389,977
1753621135.487,1387,977
1753621135.502,1387,975
1753621135.529,1386,975
1753621135.55,1385,975
1753621135.581,1384,975
1753621135.613,1383,975
1753621135.613,1383,974
1753621135.633,1382,974
1753621135.661,1381,974
1753621135.678,1380,974
1753621135.709,1378,974
1753621135.741,1377,974
1753621135.76,1376,974
1753621135.773,1376,973
1753621135.792,1375,973
1753621135.82,1374,973
1753621135.836,1373,973
1753621135.852,1373,972
1753621135.867,1372,972
1753621135.899,1370,972
1753621135.93,1369,972
1753621135.961,1368,972
1753621135.993,1367,972
1753621136.009,1366,972
1753621136.027,1366,971
1753621136.027,1365,971
1753621136.046,1364,971
1753621136.104,1362,971
1753621136.12,1361,971
1753621136.151,1360,971
1753621136.157,1360,970
1753621136.183,1359,970
1753621136.216,1358,970
1753621136.231,1357,970
1753621136.262,1356,970
1753621136.278,1354,970
1753621136.31,1353,970
1753621136.329,1352,970
1753621136.359,1351,970
1753621136.405,1350,970
1753621136.421,1350,969
1753621136.468,1349,969
1753621136.5,1348,969
1753621136.533,1348,967
1753621136.627,1348,967
1753621136.659,1349,967
1753621136.691,1350,966
1753621136.712,1351,966
1753621136.731,1352,966
1753621136.747,1353,966
1753621136.755,1355,966
1753621136.772,1356,966
1753621136.786,1357,966
1753621136.803,1358,966
1753621136.818,1359,966
1753621136.847,1359,965
1753621136.85,1360,965
1753621136.865,1361,965
1753621136.881,1363,965
1753621136.898,1364,965
1753621136.944,1365,965
1753621136.96,1365,964
1753621136.977,1366,964
1753621136.995,1366,963
1753621137.013,1367,963
1753621137.028,1368,963
1753621137.044,1368,962
1753621137.064,1369,962
1753621137.078,1369,961
1753621137.104,1369,960
1753621137.125,1371,960
1753621137.135,1371,958
1753621137.182,1371,957
1753621137.193,1372,957
1753621137.245,1373,957
1753621137.256,1373,956
1753621137.277,1374,956
1753621137.298,1375,956
1753621137.3,1375,955
1753621137.324,1376,955
1753621137.331,1376,954
1753621137.34,1377,954
1753621137.34,1379,954
1753621137.367,1379,953
1753621137.375,1380,953
1753621137.403,1381,952
1753621137.425,1382,950
1753621137.434,1383,950
1753621137.434,1384,949
1753621137.45,1385,949
1753621137.45,1386,949
1753621137.466,1388,948
1753621137.482,1389,947
1753621137.482,1390,947
1753621137.491,1391,946
1753621137.513,1392,945
1753621137.529,1393,945
1753621137.529,1393,944
1753621137.544,1394,944
1753621137.545,1396,942
1753621137.545,1397,941
1753621137.561,1398,940
1753621137.567,1400,940
1753621137.577,1401,939
1753621137.577,1403,938
1753621137.592,1404,937
1753621137.595,1405,937
1753621137.608,1406,936
1753621137.608,1407,936
1753621137.616,1407,934
1753621137.628,1408,933
1753621137.628,1409,933
1753621137.639,1411,932
1753621137.65,1412,932
1753621137.655,1413,931
1753621137.655,1414,930
1753621137.672,1415,930
1753621137.687,1416,929
1753621137.687,1417,929
1753621137.703,1418,928
1753621137.703,1420,928
1753621137.719,1421,927
1753621137.738,1422,927
1753621137.768,1423,927
1753621137.768,1423,925
1753621137.782,1424,925
1753621137.782,1425,924
1753621137.782,1426,924
1753621137.829,1428,924
1753621137.845,1431,922
1753621137.861,1432,921
1753621137.866,1434,921
1753621137.866,1436,920
1753621137.877,1437,919
1753621137.877,1438,917
1753621137.893,1439,917
1753621137.896,1440,917
1753621137.909,1441,916
1753621137.909,1442,915
1753621137.924,1444,915
1753621137.928,1445,914
1753621137.928,1446,913
1753621137.94,1448,912
1753621137.94,1448,910
1753621137.96,1451,909
1753621137.96,1452,909
1753621137.972,1452,908
1753621137.972,1453,908
1753621137.981,1454,907
1753621137.989,1455,907
1753621138.004,1455,906
1753621138.004,1456,906
1753621138.01,1456,905
1753621138.019,1458,905
1753621138.019,1459,904
1753621138.035,1460,902
1753621138.035,1461,902
1753621138.052,1461,901
1753621138.064,1462,901
1753621138.084,1463,901
1753621138.092,1464,901
1753621138.113,1466,901
1753621138.129,1466,900
1753621138.129,1467,900
1753621138.161,1468,899
1753621138.211,1469,899
1753621138.224,1470,899
1753621138.224,1471,899
1753621138.255,1472,898
1753621138.271,1474,898
1753621138.275,1475,897
1753621138.287,1476,896
1753621138.293,1477,896
1753621138.293,1478,894
1753621138.309,1479,894
1753621138.31,1480,894
1753621138.328,1480,893
1753621138.335,1482,893
1753621138.367,1483,893
1753621138.377,1484,892
1753621138.383,1486,892
1753621138.4,1487,892
1753621138.4,1487,891
1753621138.415,1488,891
1753621138.446,1488,890
1753621138.462,1490,890
1753621138.484,1490,889
1753621138.493,1491,889
1753621138.51,1492,888
1753621138.525,1493,886
1753621138.541,1493,885
1753621138.542,1494,885
1753621138.562,1495,885
1753621138.574,1496,884
1753621138.635,1498,884
1753621138.651,1499,884
1753621138.792,1500,884
1753621138.792,1500,884
1753621138.808,1501,884
1753621138.824,1502,884
1753621138.847,1503,884
1753621138.856,1503,885
1753621138.857,1504,885
1753621138.867,1506,885
1753621138.877,1506,887
1753621138.877,1507,887
1753621138.89,1507,888
1753621138.901,1508,888
1753621138.904,1509,888
1753621138.919,1510,888
1753621138.934,1511,888
1753621138.936,1512,888
1753621138.936,1514,889
1753621138.942,1515,889
1753621138.95,1516,889
1753621138.965,1517,889
1753621138.981,1518,889
1753621138.981,1519,890
1753621138.987,1520,890
1753621138.997,1521,890
1753621139.0,1523,891
1753621139.015,1522,891
1753621139.026,1523,891
1753621139.029,1523,892
1753621139.045,1524,892
1753621139.06,1525,892
1753621139.06,1525,893
1753621139.076,1526,893
1753621139.091,1527,893
1753621139.091,1528,895
1753621139.107,1529,895
1753621139.113,1531,895
1753621139.123,1531,896
1753621139.134,1532,896
1753621139.146,1532,897
1753621139.154,1533,897
1753621139.186,1534,897
1753621139.186,1534,898
1753621139.215,1535,898
1753621139.216,1536,898
1753621139.217,1537,898
1753621139.249,1537,899
1753621139.264,1539,899
1753621139.277,1540,900
1753621139.28,1541,900
1753621139.305,1542,900
1753621139.311,1543,901
1753621139.328,1544,901
1753621139.33,1545,901
1753621139.33,1547,901
1753621139.343,1548,903
1753621139.343,1549,903
1753621139.357,1550,903
1753621139.373,1551,904
1753621139.383,1552,904
1753621139.388,1553,904
1753621139.404,1553,905
1753621139.411,1554,905
1753621139.425,1556,905
1753621139.425,1557,906
1753621139.435,1558,906
1753621139.451,1559,906
1753621139.467,1560,907
1753621139.479,1561,907
1753621139.483,1562,907
1753621139.515,1564,907
1753621139.518,1565,908
1753621139.52,1566,908
1753621139.53,1567,908
1753621139.544,1568,908
1753621139.547,1569,908
1753621139.563,1569,909
1753621139.563,1570,909
1753621139.568,1572,909
1753621139.578,1573,909
1753621139.578,1574,909
1753621139.594,1575,909
1753621139.598,1576,910
1753621139.598,1577,910
1753621139.61,1578,910
1753621139.617,1578,912
1753621139.641,1578,913
1753621139.641,1580,913
1753621139.659,1581,913
1753621139.659,1582,913
1753621139.688,1583,913
1753621139.688,1583,914
1753621139.704,1584,914
1753621139.719,1585,914
1753621139.735,1585,915
1753621139.766,1585,916
1753621139.766,1586,916
1753621139.782,1587,916
1753621139.798,1589,917
1753621139.813,1590,917
1753621139.813,1590,918
1753621139.829,1591,918
1753621139.829,1591,920
1753621139.847,1592,920
1753621139.86,1593,920
1753621139.86,1594,920
1753621139.88,1595,920
1753621139.883,1595,921
1753621139.908,1597,922
1753621139.924,1598,923
1753621139.943,1599,923
1753621139.962,1600,923
1753621139.987,1601,923
1753621140.014,1601,924
1753621140.036,1602,924
1753621140.045,1602,925
1753621140.05,1603,925
1753621140.063,1605,925
1753621140.082,1606,926
1753621140.082,1607,928
1753621140.114,1608,928
1753621140.114,1609,929
1753621140.129,1610,930
1753621140.162,1611,931
1753621140.162,1613,932
1753621140.198,1614,932
1753621140.212,1615,932
1753621140.213,1616,932
1753621140.225,1617,932
1753621140.239,1617,933
1753621140.239,1618,934
1753621140.255,1619,936
1753621140.271,1619,937
1753621140.278,1619,938
1753621140.287,1620,938
1753621140.302,1622,938
1753621140.319,1622,939
1753621140.319,1623,939
1753621140.329,1623,940
1753621140.336,1624,940
1753621140.336,1624,941
1753621140.349,1625,941
1753621140.366,1626,941
1753621140.38,1626,942
1753621140.385,1626,943
1753621140.396,1627,943
1753621140.396,1628,943
1753621140.413,1628,945
1753621140.427,1628,946
1753621140.427,1630,946
1753621140.459,1631,946
1753621140.459,1631,947
1753621140.475,1631,948
1753621140.491,1632,948
1753621140.506,1633,948
1753621140.522,1633,948
1753621140.538,1634,948
1753621140.553,1635,948
1753621140.577,1635,949
1753621140.585,1635,950
1753621140.601,1636,950
1753621140.624,1636,951
1753621140.649,1638,953
1753621140.68,1639,954
1753621140.68,1639,955
1753621140.728,1640,955
1753621140.728,1640,955
1753621140.743,1640,956
1753621140.759,1640,957
1753621140.807,1641,958
1753621140.822,1641,959
1753621140.837,1642,959
1753621140.837,1643,962
1753621140.853,1644,962
1753621140.885,1646,962
1753621140.901,1646,963
1753621140.908,1646,964
1753621140.991,1647,965
1753621141.106,1647,966
1753621141.121,1647,966
1753621141.153,1645,966
1753621141.169,1645,966
1753621141.169,1645,966
1753621141.178,1644,966
1753621141.2,1643,966
1753621141.221,1642,966
1753621141.248,1641,966
1753621141.279,1640,966
1753621141.296,1639,966
1753621141.31,1639,967
1753621141.326,1637,967
1753621141.344,1636,967
1753621141.345,1635,967
1753621141.345,1634,967
1753621141.37,1633,967
1753621141.389,1632,967
1753621141.41,1631,967
1753621141.452,1631,969
1753621141.469,1629,969
1753621141.483,1628,969
1753621141.515,1627,969
1753621141.547,1626,969
1753621141.547,1625,968
1753621141.594,1624,968
1753621141.611,1623,968
1753621141.626,1623,969
1753621141.643,1621,968
1753621141.66,1620,968
1753621141.69,1619,968
1753621141.705,1618,969
1753621141.721,1617,969
1753621141.79,1616,969
1753621141.799,1616,968
1753621141.815,1616,969
1753621141.816,1615,969
1753621141.83,1614,969
1753621141.846,1612,969
1753621141.862,1611,969
1753621141.878,1611,968
1753621141.925,1610,968
1753621141.94,1609,968
1753621141.971,1608,969
1753621141.987,1608,968
1753621142.018,1607,968
1753621142.05,1606,968
1753621142.065,1606,969
1753621142.096,1604,969
1753621142.177,1603,970
1753621142.223,1602,970
1753621142.228,1602,971
1753621142.276,1601,971
1753621142.287,1600,971
1753621142.335,1599,971
1753621142.375,1599,972
1753621142.41,1598,972
1753621142.446,1596,972
1753621142.479,1595,972
1753621142.559,1595,973
1753621142.562,1594,973
1753621142.588,1593,973
1753621142.604,1593,973
1753621142.652,1592,973
1753621142.746,1592,974
1753621142.793,1592,975
1753621142.81,1592,975
1753621142.84,1593,976
1753621142.857,1594,978
1753621142.877,1594,978
1753621142.919,1594,979
1753621142.967,1594,980
1753621142.99,1593,980
1753621142.995,1593,981
1753621143.034,1593,982
1753621143.034,1593,983
1753621143.063,1592,983
1753621143.076,1592,983
1753621143.109,1592,984
1753621143.125,1592,986
1753621143.16,1592,986
1753621143.161,1592,987
1753621143.188,1592,988
1753621143.219,1592,989
1753621143.234,1591,989
1753621143.251,1591,989
1753621143.265,1591,989
1753621143.282,1590,989
1753621143.297,1590,990
1753621143.314,1590,991
1753621143.356,1590,992
1753621143.391,1588,992
1753621143.405,1587,992
1753621143.425,1587,994
1753621143.457,1586,994
1753621143.487,1586,995
1753621143.503,1585,995
1753621143.519,1585,995
1753621143.552,1584,995
1753621143.566,1584,996
1753621143.629,1583,996
1753621143.633,1583,997
1753621143.672,1583,998
1753621143.723,1583,999
1753621143.851,1583,1000
1753621143.865,1583,1000
1753621143.869,1583,1000
1753621143.88,1583,1000
1753621143.93,1582,1000
1753621143.947,1582,1000
1753621143.959,1582,1000
1753621143.96,1582,1000
1753621143.991,1581,1000
1753621144.011,1581,1000
1753621144.022,1581,1002
1753621144.055,1582,1002
1753621144.055,1582,1002
1753621144.07,1582,1003
1753621144.079,1581,1003
1753621144.093,1581,1003
1753621144.196,1581,1003
1753621144.212,1581,1003
1753621144.212,1579,1003
1753621144.227,1580,1003
1753621144.259,1579,1003
1753621144.259,1579,1004
1753621144.274,1580,1004
1753621144.29,1580,1005
1753621144.337,1580,1005
1753621144.352,1580,1005
1753621144.368,1581,1005
1753621144.384,1581,1005
1753621144.43,1581,1004
1753621144.446,1581,1004
1753621144.462,1581,1004
1753621144.478,1582,1004
1753621144.493,1582,1004
1753621144.54,1583,1003
1753621144.587,1584,1003
1753621144.619,1585,1003
1753621144.622,1585,1001
1753621144.625,1585,1000
1753621144.686,1586,1000
1753621144.713,1587,1000
1753621144.731,1589,1000
1753621144.736,1589,1000
1753621144.777,1589,999
1753621144.792,1589,998
1753621144.809,1589,998
1753621144.809,1590,998
1753621144.841,1590,998
1753621144.887,1591,998
1753621144.887,1591,997
1753621144.919,1591,996
1753621144.966,1591,996
1753621144.982,1592,996
1753621144.998,1592,996
1753621145.014,1592,996
1753621145.029,1592,995
1753621145.155,1593,993
1753621145.186,1593,992
1753621145.203,1593,991
1753621145.237,1593,991
1753621145.25,1593,991
1753621145.265,1594,991
1753621145.285,1594,990
1753621145.357,1594,989
1753621145.395,1595,989
1753621145.421,1595,988
1753621145.486,1597,988
1753621145.5,1597,987
1753621145.549,1597,985
1753621145.612,1597,984
1753621145.647,1598,984
1753621145.738,1599,984
1753621145.785,1600,984
1753621145.816,1600,983
1753621145.832,1601,983
1753621145.848,1601,983
1753621145.879,1602,983
1753621145.926,1602,983
1753621145.926,1603,983
1753621145.947,1605,983
1753621145.961,1606,983
1753621145.989,1607,983
1753621146.052,1608,983
1753621146.084,1609,983
1753621146.084,1610,983
1753621146.101,1610,982
1753621146.116,1611,982
1753621146.163,1613,982
1753621146.163,1614,982
1753621146.193,1614,981
1753621146.195,1615,981
1753621146.257,1616,981
1753621146.276,1617,981
1753621146.304,1618,980
1753621146.335,1619,980
1753621146.367,1620,980
1753621146.399,1622,980
1753621146.414,1623,980
1753621146.418,1623,979
1753621146.447,1624,979
1753621146.458,1625,979
1753621146.478,1626,979
1753621146.494,1627,979
1753621146.51,1628,979
1753621146.526,1628,977
1753621146.526,1630,977
1753621146.541,1631,977
1753621146.557,1632,977
1753621146.557,1633,976
1753621146.573,1634,976
1753621146.592,1635,976
1753621146.604,1636,976
1753621146.67,1636,975
1753621146.672,1638,975
1753621146.683,1639,975
1753621146.683,1639,974
1753621146.73,1640,974
1753621146.746,1641,974
1753621146.799,1642,974
1753621146.875,1643,974
1753621146.887,1643,973
1753621146.909,1643,973
1753621146.957,1643,973
1753621146.958,1643,973
1753621146.976,1642,973
1753621146.995,1641,973
1753621147.0,1640,973
1753621147.013,1639,972
1753621147.017,1637,972
1753621147.043,1636,972
1753621147.048,1636,971
1753621147.079,1635,971
1753621147.081,1634,971
1753621147.09,1634,970
1753621147.111,1633,970
1753621147.12,1633,968
1753621147.141,1633,967
1753621147.143,1632,967
1753621147.175,1631,966
1753621147.194,1629,966
1753621147.211,1629,965
1753621147.221,1628,965
1753621147.241,1628,964
1753621147.252,1627,964
1753621147.252,1627,963
1753621147.299,1626,963
1753621147.315,1626,962
1753621147.332,1626,960
1753621147.343,1625,960
1753621147.36,1625,959
1753621147.394,1624,959
1753621147.448,1623,958
1753621147.476,1623,957
1753621147.491,1621,957
1753621147.508,1621,956
1753621147.508,1620,956
1753621147.526,1619,956
1753621147.542,1619,955
1753621147.552,1618,955
1753621147.569,1617,955
1753621147.569,1616,955
1753621147.59,1615,954
1753621147.6,1614,952
1753621147.6,1614,951
1753621147.616,1612,950
1753621147.632,1611,949
1753621147.632,1610,949
1753621147.642,1609,948
1753621147.648,1608,947
1753621147.664,1607,944
1753621147.664,1605,943
1753621147.673,1605,942
1753621147.681,1604,942
1753621147.681,1603,942
1753621147.693,1603,941
1753621147.696,1602,941
1753621147.712,1602,940
1753621147.728,1602,939
1753621147.743,1601,939
1753621147.743,1600,939
1753621147.759,1599,939
1753621147.766,1599,937
1753621147.777,1597,937
1753621147.793,1597,936
1753621147.795,1596,936
1753621147.81,1595,936
1753621147.823,1594,936
1753621147.842,1594,935
1753621147.843,1594,934
1753621147.858,1594,933
1753621147.877,1593,933
1753621147.886,1592,933
1753621147.919,1592,932
1753621147.919,1591,932
1753621147.933,1589,932
1753621147.959,1588,931
1753621147.981,1587,931
1753621147.983,1587,929
1753621147.997,1587,928
1753621147.997,1586,928
1753621148.005,1586,927
1753621148.022,1585,926
1753621148.046,1585,925
1753621148.046,1584,925
1753621148.056,1583,925
1753621148.062,1582,924
1753621148.095,1582,923
1753621148.097,1582,922
1753621148.101,1580,922
1753621148.108,1580,920
1753621148.125,1579,920
1753621148.132,1579,919
1753621148.155,1579,918
1753621148.175,1578,917
1753621148.193,1577,917
1753621148.193,1576,917
1753621148.21,1576,916
1753621148.226,1576,915
1753621148.234,1575,915
1753621148.243,1574,914
1753621148.251,1574,912
1753621148.262,1572,912
1753621148.266,1571,911
1753621148.276,1570,911
1753621148.291,1570,910
1753621148.299,1569,910
1753621148.305,1568,909
1753621148.31,1567,909
1753621148.324,1567,908
1753621148.328,1566,908
1753621148.345,1566,907
1753621148.362,1564,907
1753621148.363,1563,907
1753621148.367,1563,906
1753621148.393,1562,906
1753621148.393,1561,906
1753621148.408,1560,906
1753621148.425,1559,904
1753621148.441,1558,904
1753621148.456,1557,904
1753621148.471,1557,903
1753621148.493,1555,903
1753621148.509,1554,903
1753621148.544,1554,902
1753621148.552,1553,901
1753621148.574,1552,901
1753621148.578,1551,901
1753621148.583,1551,900
1753621148.613,1550,900
1753621148.613,1549,900
1753621148.64,1547,899
1753621148.662,1546,899
1753621148.68,1545,899
1753621148.697,1544,899
1753621148.72,1543,898
1753621148.724,1543,898
1753621148.74,1543,898
1753621148.741,1542,898
1753621148.756,1542,896
1753621148.775,1541,896
1753621148.788,1541,895
1753621148.804,1539,894
1753621148.808,1538,893
1753621148.82,1537,893
1753621148.837,1536,892
1753621148.844,1535,892
1753621148.867,1534,892
1753621148.877,1533,892
1753621148.882,1531,891
1753621148.899,1530,891
1753621148.913,1530,890
1753621148.917,1529,890
1753621148.929,1528,889
1753621148.961,1527,889
1753621148.961,1527,887
1753621148.961,1526,887
1753621148.979,1526,886
1753621148.993,1525,886
1753621149.021,1524,886
1753621149.025,1524,885
1753621149.061,1522,885
1753621149.091,1521,884
1753621149.104,1520,884
1753621149.124,1519,884
1753621149.141,1519,883
1753621149.214,1518,883
1753621149.246,1517,883
1753621149.274,1516,883
1753621149.293,1514,883
1753621149.293,1513,883
1753621149.309,1513,882
1753621149.351,1512,882
1753621149.358,1511,881
1753621149.393,1510,881
1753621149.405,1509,881
1753621149.405,1509,879
1753621149.421,1508,879
1753621149.431,1506,878
1753621149.435,1505,878
1753621149.438,1504,877
1753621149.466,1503,876
1753621149.468,1502,876
1753621149.469,1501,876
1753621149.477,1501,875
1753621149.483,1500,875
1753621149.592,1498,875
1753621149.752,1498,875
1753621149.752,1497,875
1753621149.876,1496,875
1753621149.908,1496,875
1753621150.002,1496,875
1753621150.064,1496,876
1753621150.082,1496,877
1753621150.111,1496,878
1753621150.126,1497,880
1753621150.126,1497,881
1753621150.126,1499,881
1753621150.142,1499,882
1753621150.142,1500,882
1753621150.158,1500,883
1753621150.173,1500,884
1753621150.189,1500,885
1753621150.22,1500,886
1753621150.236,1500,888
1753621150.251,1501,888
1753621150.267,1501,889
1753621150.283,1501,890
1753621150.315,1501,891
1753621150.375,1501,892
1753621150.378,1502,892
1753621150.394,1502,893
1753621150.426,1502,893
1753621150.441,1502,894
1753621150.474,1502,895
1753621150.521,1502,897
1753621150.537,1502,898
1753621150.585,1502,899
1753621150.622,1501,900
1753621150.671,1501,901
1753621150.721,1501,902
1753621150.777,1501,903
1753621150.87,1501,905
1753621150.896,1501,906
1753621150.909,1501,907
1753621150.981,1501,908
1753621151.015,1501,909
1753621151.021,1501,909
1753621151.063,1501,910
1753621151.077,1501,911
1753621151.106,1501,913
1753621151.129,1501,914
1753621151.171,1501,915
1753621151.203,1501,916
1753621151.234,1501,917
1753621151.256,1501,918
1753621151.259,1501,919
1753621151.273,1501,921
1753621151.292,1501,922
1753621151.324,1501,923
1753621151.374,1501,923
1753621151.394,1501,924
1753621151.424,1501,925
1753621151.485,1501,926
1753621151.519,1500,927
1753621151.541,1500,928
1753621151.566,1500,930
1753621151.59,1498,930
1753621151.613,1498,931
1753621151.631,1498,932
1753621151.677,1498,933
1753621151.692,1498,934
1753621151.723,1498,935
1753621151.773,1497,935
1753621151.784,1497,936
1753621151.807,1497,938
1753621151.826,1497,939
1753621151.853,1497,940
1753621151.885,1497,941
1753621151.918,1497,942
1753621151.932,1497,943
1753621151.941,1497,944
1753621151.948,1497,946
1753621151.957,1497,947
1753621151.964,1496,947
1753621151.964,1496,948
1753621152.074,1496,948
1753621152.136,1496,949
1753621152.309,1496,950
1753621152.34,1496,951
1753621152.387,1496,952
1753621152.418,1496,954
1753621152.465,1496,955
1753621152.496,1496,956
1753621152.527,1496,957
1753621152.559,1496,958
1753621152.574,1496,959
1753621152.59,1496,960
1753621152.621,1496,961
1753621152.621,1497,961
1753621152.794,1497,963
1753621152.827,1499,963
1753621152.858,1500,963
1753621152.904,1500,962
1753621152.936,1501,962
1753621152.999,1502,962
1753621153.03,1503,962
1753621153.077,1504,962
1753621153.093,1505,962
1753621153.102,1507,962
1753621153.161,1508,962
1753621153.205,1509,961
1753621153.235,1510,961
1753621153.298,1511,961
1753621153.315,1512,961
1753621153.337,1512,961
1753621153.348,1513,961
1753621153.378,1515,961
1753621153.41,1516,961
1753621153.457,1517,961
1753621153.535,1518,961
1753621153.55,1518,963
1753621153.582,1519,963
1753621153.613,1519,964
1753621153.66,1520,964
1753621153.77,1521,965
1753621153.818,1521,966
1753621153.881,1523,967
1753621153.929,1523,968
1753621153.961,1523,969
1753621154.008,1523,971
1753621154.02,1524,971
1753621154.055,1525,972
1753621154.071,1526,973
1753621154.118,1526,974
1753621154.119,1527,974
1753621154.119,1527,975
1753621154.139,1527,976
1753621154.153,1528,976
1753621154.181,1529,977
1753621154.212,1530,977
1753621154.244,1530,979
1753621154.248,1532,979
1753621154.291,1532,980
1753621154.354,1533,980
1753621154.385,1534,980
1753621154.385,1534,981
1753621154.463,1534,982
1753621154.479,1535,982
1753621154.479,1536,982
1753621154.51,1536,983
1753621154.573,1536,984
1753621154.58,1537,984
1753621154.604,1537,985
1753621154.651,1537,986
1753621154.729,1538,988
1753621154.776,1540,989
1753621154.855,1540,990
1753621154.886,1541,990
1753621154.917,1541,991
1753621155.027,1541,991
1753621155.089,1541,990
1753621155.152,1541,989
1753621155.206,1541,989
1753621155.207,1541,987
1753621155.261,1541,986
1753621155.282,1539,986
1753621155.31,1539,985
1753621155.325,1538,985
1753621155.325,1538,984
1753621155.341,1537,984
1753621155.358,1536,983
1753621155.374,1535,982
1753621155.39,1535,981
1753621155.403,1534,981
1753621155.417,1533,981
1753621155.422,1533,980
1753621155.44,1531,980
1753621155.452,1531,978
1753621155.459,1530,978
1753621155.47,1529,978
1753621155.475,1528,978
1753621155.494,1528,977
1753621155.5,1527,977
1753621155.516,1527,976
1753621155.534,1527,975
1753621155.539,1526,975
1753621155.55,1526,974
1753621155.566,1525,974
1753621155.577,1525,973
1753621155.594,1524,973
1753621155.602,1524,972
1753621155.609,1522,972
1753621155.625,1522,970
1753621155.64,1522,969
1753621155.674,1522,968
1753621155.69,1521,968
1753621155.755,1521,967
1753621155.757,1520,967
1753621155.765,1519,967
1753621155.772,1519,966
1753621155.862,1518,966
1753621155.886,1517,966
1753621155.926,1516,966
1753621155.957,1514,966
1753621155.988,1513,966
1753621156.005,1512,966
1753621156.036,1511,966
1753621156.058,1510,966
1753621156.104,1509,966
1753621156.116,1508,966
1753621156.139,1506,965
1753621156.154,1505,965
1753621156.16,1504,965
1753621156.195,1503,965
1753621156.203,1502,965
1753621156.21,1502,965
1753621156.227,1501,965
1753621156.254,1500,965
1753621156.27,1498,966
1753621156.277,1497,966
1753621156.309,1496,966
1753621156.323,1495,966
1753621156.336,1494,966
1753621156.356,1493,966
1753621156.386,1492,966
1753621156.404,1491,966
1753621156.422,1489,966
1753621156.438,1488,966
1753621156.464,1487,966
1753621156.496,1486,966
1753621156.518,1485,966
1753621156.544,1484,966
1753621156.575,1483,966
1753621156.602,1481,966
1753621156.622,1480,966
1753621156.639,1479,966
1753621156.673,1478,966
1753621156.69,1478,967
1753621156.716,1477,967
1753621156.749,1476,967
1753621156.772,1475,967
1753621156.795,1473,967
1753621156.86,1472,967
1753621156.86,1472,968
1753621156.921,1472,969
1753621156.968,1472,971
1753621157.031,1472,972
1753621157.062,1471,973
1753621157.078,1470,973
1753621157.109,1470,974
1753621157.109,1469,974
1753621157.156,1469,975
1753621157.205,1468,976
1753621157.223,1468,977
1753621157.224,1467,977
1753621157.246,1467,979
1753621157.268,1467,980
1753621157.268,1465,980
1753621157.299,1465,981
1753621157.348,1465,982
1753621157.362,1465,983
1753621157.409,1465,984
1753621157.487,1465,985
1753621157.508,1465,986
1753621157.536,1464,986
1753621157.572,1464,988
1753621157.612,1464,989
1753621157.655,1463,990
1753621157.718,1463,991
1753621157.74,1463,992
1753621157.881,1463,992
1753621157.884,1464,992
1753621157.912,1466,992
1753621157.929,1467,992
1753621157.944,1468,992
1753621157.957,1469,992
1753621157.976,1470,992
1753621157.989,1471,992
1753621158.008,1472,992
1753621158.025,1474,992
1753621158.041,1475,993
1753621158.057,1476,993
1753621158.071,1477,993
1753621158.089,1478,993
1753621158.121,1479,994
1753621158.154,1480,994
1753621158.172,1480,996
1753621158.189,1482,996
1753621158.203,1483,996
1753621158.245,1484,997
1753621158.292,1484,998
1753621158.301,1485,998
1753621158.304,1485,999
1753621158.319,1486,999
1753621158.341,1487,999
1753621158.426,1488,1000
1753621158.467,1490,1000
1753621158.484,1491,1000
1753621158.487,1491,1001
1753621158.53,1492,1001
1753621158.546,1492,1002
1753621158.561,1493,1002
1753621158.603,1494,1004
1753621158.629,1495,1004
1753621158.642,1495,1005
1753621158.674,1496,1005
1753621158.704,1496,1006
1753621158.71,1497,1006
1753621158.723,1497,1007
1753621158.724,1499,1007
1753621158.739,1499,1008
1753621158.745,1500,1008
1753621158.764,1500,1009
1753621158.771,1501,1009
1753621158.785,1502,1009
1753621158.789,1502,1010
1753621158.79,1503,1010
1753621158.807,1503,1012
1753621158.823,1504,1012
1753621158.831,1504,1013
1753621158.837,1505,1013
1753621158.853,1507,1013
1753621158.863,1507,1014
1753621158.863,1508,1014
1753621158.879,1509,1014
1753621158.886,1509,1015
1753621158.895,1510,1015
1753621158.911,1511,1015
1753621158.922,1512,1016
1753621158.943,1513,1017
1753621158.943,1515,1017
1753621158.96,1516,1018
1753621158.974,1517,1018
1753621158.99,1518,1019
1753621159.006,1518,1021
1753621159.012,1519,1021
1753621159.069,1520,1021
1753621159.086,1521,1021
1753621159.105,1521,1022
1753621159.151,1523,1022
1753621159.154,1523,1023
1753621159.172,1524,1023
1753621159.199,1525,1024
1753621159.229,1526,1025
1753621159.245,1527,1025
1753621159.371,1528,1025
1753621159.396,1528,1026
1753621159.421,1528,1026
1753621159.466,1528,1027
1753621159.482,1527,1027
1753621159.507,1526,1027
1753621159.563,1525,1029
1753621159.589,1525,1030
1753621159.59,1525,1031
1753621159.593,1524,1031
1753621159.626,1524,1032
1753621159.638,1522,1032
1753621159.638,1522,1033
1753621159.653,1522,1034
1753621159.688,1522,1035
1753621159.703,1521,1035
1753621159.716,1521,1037
1753621159.779,1521,1038
1753621159.795,1520,1038
1753621159.818,1520,1039
1753621159.819,1520,1040
1753621159.839,1519,1041
1753621159.858,1519,1042
1753621159.874,1519,1043
1753621159.891,1519,1045
1753621159.906,1519,1046
1753621159.921,1519,1047
1753621159.943,1519,1048
1753621159.97,1519,1049
1753621159.984,1519,1050
1753621160.015,1519,1051
1753621160.031,1519,1052
1753621160.047,1519,1054
1753621160.047,1519,1055
1753621160.062,1519,1056
1753621160.062,1518,1057
1753621160.078,1518,1058
1753621160.094,1518,1059
1753621160.109,1518,1060
1753621160.109,1518,1060
1753621160.125,1518,1062
1753621160.14,1518,1063
1753621160.156,1517,1063
1753621160.187,1517,1064
1753621160.187,1517,1065
1753621160.206,1517,1066
1753621160.235,1517,1066
1753621160.238,1517,1067
1753621160.267,1517,1068
1753621160.287,1516,1068
1753621160.303,1514,1068
1753621160.305,1514,1070
1753621160.337,1513,1070
1753621160.345,1513,1071
1753621160.371,1513,1072
1753621160.393,1512,1072
1753621160.408,1512,1073
1753621160.408,1512,1074
1753621160.424,1511,1074
1753621160.424,1511,1075
1753621160.454,1510,1075
1753621160.456,1510,1076
1753621160.473,1510,1078
1753621160.485,1509,1078
1753621160.488,1509,1079
1753621160.506,1508,1079
1753621160.507,1508,1080
1753621160.522,1508,1081
1753621160.539,1508,1082
1753621160.539,1506,1082
1753621160.566,1505,1082
1753621160.567,1505,1083
1753621160.582,1504,1083
1753621160.588,1504,1084
1753621160.604,1503,1084
1753621160.617,1503,1085
1753621160.639,1502,1085
1753621160.646,1502,1087
1753621160.661,1501,1088
1753621160.694,1501,1089
1753621160.724,1501,1090
1753621160.724,1500,1090
1753621160.772,1498,1090
1753621160.804,1498,1091
1753621160.913,1498,1091
1753621160.914,1497,1091
1753621160.941,1497,1090
1753621160.964,1497,1089
1753621160.979,1497,1088
1753621161.008,1497,1086
1753621161.024,1497,1085
1753621161.053,1497,1084
1753621161.086,1496,1083
1753621161.117,1496,1082
1753621161.124,1496,1081
1753621161.15,1495,1080
1753621161.166,1494,1080
1753621161.166,1494,1079
1753621161.198,1494,1077
1753621161.213,1493,1077
1753621161.233,1493,1076
1753621161.233,1492,1076
1753621161.261,1492,1075
1753621161.276,1491,1075
1753621161.292,1489,1074
1753621161.305,1489,1073
1753621161.308,1488,1073
1753621161.324,1488,1072
1753621161.343,1487,1071
1753621161.369,1487,1069
1753621161.371,1486,1069
1753621161.4,1486,1068
1753621161.404,1485,1068
1753621161.421,1485,1067
1753621161.481,1485,1066
1753621161.515,1484,1065
1753621161.53,1484,1064
1753621161.561,1484,1063
1753621161.561,1483,1063
1753621161.578,1483,1061
1753621161.608,1483,1060
1753621161.609,1481,1060
1753621161.636,1481,1059
1753621161.657,1480,1059
1753621161.672,1480,1058
1753621161.689,1479,1058
1753621161.704,1479,1057
1753621161.722,1478,1057
1753621161.735,1478,1056
1753621161.735,1477,1055
1753621161.751,1476,1053
1753621161.766,1475,1052
1753621161.782,1475,1051
1753621161.797,1473,1050
1753621161.832,1473,1049
1753621161.892,1472,1048
1753621162.051,1472,1047
1753621162.127,1472,1046
1753621162.194,1472,1044
1753621162.367,1472,1043
1753621162.494,1471,1043
1753621162.541,1471,1042
1753621162.588,1470,1042
1753621162.822,1470,1042
1753621162.84,1470,1042
1753621163.045,1470,1043
1753621163.122,1471,1043
