RESOLUTION:3120,2080
1753619461.045,409,1505
1753619461.234,409,1505
1753619461.295,409,1504
1753619461.343,409,1503
1753619461.39,409,1502
1753619461.407,409,1501
1753619461.422,409,1499
1753619461.437,409,1498
1753619461.462,409,1497
1753619461.474,409,1496
1753619461.501,409,1495
1753619461.518,409,1494
1753619461.532,409,1493
1753619461.549,409,1491
1753619461.564,409,1490
1753619461.58,409,1489
1753619461.643,409,1488
1753619461.643,410,1488
1753619461.658,410,1487
1753619461.674,411,1487
1753619461.752,411,1486
1753619461.752,412,1486
1753619461.768,412,1485
1753619461.783,413,1484
1753619461.799,413,1482
1753619461.815,415,1482
1753619461.956,415,1481
1753619462.003,415,1480
1753619462.05,416,1479
1753619462.068,416,1478
1753619462.092,416,1477
1753619462.099,416,1476
1753619462.113,417,1474
1753619462.116,417,1473
1753619462.129,418,1472
1753619462.129,418,1471
1753619462.146,418,1470
1753619462.177,419,1469
1753619462.182,419,1468
1753619462.192,420,1468
1753619462.209,420,1466
1753619462.224,421,1466
1753619462.239,421,1465
1753619462.258,421,1464
1753619462.287,423,1464
1753619462.303,423,1463
1753619462.316,424,1463
1753619462.335,424,1462
1753619462.38,424,1461
1753619462.401,425,1460
1753619462.414,426,1458
1753619462.43,427,1457
1753619462.446,428,1457
1753619462.462,429,1456
1753619462.478,431,1455
1753619462.493,432,1454
1753619462.509,433,1451
1753619462.509,434,1450
1753619462.525,437,1448
1753619462.525,439,1445
1753619462.54,442,1444
1753619462.54,443,1442
1753619462.54,444,1441
1753619462.681,446,1441
1753619462.747,446,1441
1753619462.759,447,1441
1753619462.822,448,1441
1753619462.838,449,1441
1753619462.853,450,1441
1753619462.869,450,1441
1753619462.869,451,1441
1753619462.885,451,1440
1753619462.885,452,1440
1753619462.932,454,1440
1753619462.979,454,1439
1753619462.994,455,1439
1753619463.01,455,1438
1753619463.027,456,1438
1753619463.042,457,1438
1753619463.042,457,1437
1753619463.059,458,1437
1753619463.074,458,1436
1753619463.074,459,1436
1753619463.121,460,1434
1753619463.136,462,1434
1753619463.15,463,1433
1753619463.152,464,1432
1753619463.175,465,1431
1753619463.186,466,1431
1753619463.215,467,1431
1753619463.247,468,1431
1753619463.278,470,1431
1753619463.294,470,1430
1753619463.294,472,1430
1753619463.309,472,1429
1753619463.309,473,1429
1753619463.372,474,1429
1753619463.372,475,1429
1753619463.372,476,1429
1753619463.403,476,1429
1753619463.434,478,1429
1753619463.45,479,1429
1753619463.472,480,1429
1753619463.497,480,1430
1753619463.56,481,1430
1753619463.607,481,1431
1753619463.639,481,1432
1753619463.655,482,1432
1753619463.701,482,1433
1753619463.748,483,1433
1753619463.764,484,1433
1753619463.764,486,1433
1753619463.781,487,1435
1753619463.796,488,1435
1753619463.843,489,1435
1753619463.874,490,1435
1753619463.89,490,1436
1753619463.89,491,1436
1753619463.968,491,1437
1753619463.968,492,1437
1753619463.999,492,1438
1753619464.027,492,1439
1753619464.046,494,1439
1753619464.064,494,1440
1753619464.094,494,1441
1753619464.11,495,1443
1753619464.126,495,1444
1753619464.157,495,1445
1753619464.173,496,1445
1753619464.173,496,1446
1753619464.204,496,1447
1753619464.22,496,1448
1753619464.235,497,1448
1753619464.251,497,1449
1753619464.282,497,1450
1753619464.298,498,1452
1753619464.33,498,1453
1753619464.359,498,1454
1753619464.379,498,1455
1753619464.408,498,1456
1753619464.424,498,1457
1753619464.441,498,1458
1753619464.455,498,1460
1753619464.477,499,1461
1753619464.487,499,1462
1753619464.518,499,1463
1753619464.534,499,1464
1753619464.534,499,1465
1753619464.565,499,1466
1753619464.565,500,1466
1753619464.565,500,1468
1753619464.581,500,1469
1753619464.596,500,1470
1753619464.612,500,1471
1753619464.612,502,1472
1753619464.643,502,1473
1753619464.659,502,1474
1753619464.674,502,1476
1753619464.69,502,1477
1753619464.69,502,1478
1753619464.721,502,1479
1753619464.721,502,1480
1753619464.737,502,1481
1753619464.768,502,1482
1753619464.768,502,1483
1753619464.768,502,1485
1753619464.799,502,1486
1753619464.799,502,1487
1753619464.826,502,1488
1753619464.835,502,1489
1753619464.846,502,1490
1753619464.846,502,1491
1753619464.846,502,1493
1753619464.863,502,1494
1753619464.863,502,1495
1753619464.878,502,1496
1753619464.894,501,1497
1753619464.911,501,1498
1753619464.931,500,1499
1753619464.931,500,1501
1753619464.942,499,1501
1753619464.959,499,1502
1753619464.974,499,1503
1753619464.989,499,1504
1753619464.997,499,1505
1753619465.005,498,1505
1753619465.013,498,1506
1753619465.013,498,1507
1753619465.021,497,1507
1753619465.036,497,1509
1753619465.059,497,1510
1753619465.087,496,1511
1753619465.1,496,1512
1753619465.119,495,1512
1753619465.132,495,1513
1753619465.132,493,1514
1753619465.147,493,1515
1753619465.164,493,1516
1753619465.174,492,1518
1753619465.179,492,1519
1753619465.179,491,1519
1753619465.194,491,1520
1753619465.194,490,1520
1753619465.194,490,1521
1753619465.211,490,1522
1753619465.226,489,1523
1753619465.241,489,1524
1753619465.257,488,1524
1753619465.257,488,1526
1753619465.257,487,1526
1753619465.273,487,1527
1753619465.273,487,1528
1753619465.288,485,1528
1753619465.288,485,1529
1753619465.304,485,1530
1753619465.304,484,1530
1753619465.324,484,1531
1753619465.351,484,1532
1753619465.351,483,1532
1753619465.368,483,1534
1753619465.382,483,1535
1753619465.398,482,1536
1753619465.414,482,1537
1753619465.43,481,1538
1753619465.445,481,1539
1753619465.458,481,1540
1753619465.461,480,1540
1753619465.461,480,1542
1753619465.477,479,1542
1753619465.493,479,1543
1753619465.493,479,1544
1753619465.508,477,1544
1753619465.508,477,1545
1753619465.524,476,1546
1753619465.54,475,1547
1753619465.571,474,1548
1753619465.571,474,1549
1753619465.587,473,1551
1753619465.603,472,1552
1753619465.618,471,1553
1753619465.626,471,1554
1753619465.634,470,1554
1753619465.634,470,1555
1753619465.65,468,1556
1753619465.666,468,1557
1753619465.666,467,1557
1753619465.681,467,1559
1753619465.697,466,1560
1753619465.712,465,1561
1753619465.712,465,1562
1753619465.728,464,1563
1753619465.744,463,1563
1753619465.759,463,1564
1753619465.759,462,1565
1753619465.775,462,1567
1753619465.79,460,1567
1753619465.806,460,1568
1753619465.806,459,1569
1753619465.806,459,1570
1753619465.822,458,1570
1753619465.837,458,1571
1753619465.837,457,1572
1753619465.853,457,1573
1753619465.853,456,1573
1753619465.869,455,1573
1753619465.884,455,1575
1753619465.884,455,1576
1753619465.915,454,1576
1753619465.931,454,1577
1753619465.947,452,1578
1753619465.962,452,1579
1753619465.962,451,1579
1753619465.978,451,1580
1753619465.978,450,1581
1753619465.994,449,1582
1753619466.008,449,1584
1753619466.011,449,1585
1753619466.011,448,1586
1753619466.025,447,1586
1753619466.042,447,1587
1753619466.042,446,1588
1753619466.057,446,1589
1753619466.088,445,1590
1753619466.104,445,1592
1753619466.121,442,1593
1753619466.121,442,1594
1753619466.136,441,1594
1753619466.147,441,1595
1753619466.152,440,1595
1753619466.167,440,1596
1753619466.167,439,1597
1753619466.182,439,1599
1753619466.182,437,1599
1753619466.205,436,1600
1753619466.214,436,1601
1753619466.214,435,1601
1753619466.231,435,1602
1753619466.245,434,1603
1753619466.245,433,1604
1753619466.245,433,1605
1753619466.261,432,1605
1753619466.277,432,1606
1753619466.287,431,1608
1753619466.296,429,1609
1753619466.309,429,1610
1753619466.324,428,1611
1753619466.324,427,1611
1753619466.333,426,1612
1753619466.34,426,1613
1753619466.357,426,1614
1753619466.372,425,1616
1753619466.372,424,1617
1753619466.401,423,1618
1753619466.405,422,1619
1753619466.466,420,1619
1753619466.466,419,1621
1753619466.482,418,1622
1753619466.497,418,1624
1753619466.513,417,1624
1753619466.529,416,1625
1753619466.576,415,1625
1753619466.576,415,1626
1753619466.591,414,1626
1753619466.607,414,1627
1753619466.607,412,1627
1753619466.624,411,1627
1753619466.638,411,1628
1753619466.638,410,1628
1753619466.638,410,1629
1753619466.654,409,1630
1753619466.67,408,1630
1753619466.685,408,1632
1753619466.685,407,1632
1753619466.701,406,1633
1753619466.716,404,1633
1753619466.732,404,1634
1753619466.748,403,1634
1753619466.779,402,1634
1753619466.794,402,1635
1753619466.826,401,1635
1753619466.857,400,1635
1753619466.873,399,1635
1753619466.888,399,1636
1753619466.904,398,1636
1753619466.935,396,1636
1753619466.966,395,1637
1753619466.966,394,1637
1753619466.998,393,1637
1753619467.013,392,1637
1753619467.044,391,1637
1753619467.044,390,1637
1753619467.091,389,1637
1753619467.091,385,1639
1753619467.091,384,1639
1753619467.107,383,1639
1753619467.123,382,1641
1753619467.123,381,1641
1753619467.138,379,1641
1753619467.154,378,1641
1753619467.169,377,1642
1753619467.189,376,1642
1753619467.191,375,1642
1753619467.201,374,1642
1753619467.201,373,1642
1753619467.218,373,1643
1753619467.232,371,1643
1753619467.232,370,1643
1753619467.232,369,1643
1753619467.248,368,1643
1753619467.264,367,1643
1753619467.279,366,1643
1753619467.311,365,1643
1753619467.327,363,1643
1753619467.327,362,1643
1753619467.344,361,1643
1753619467.344,361,1644
1753619467.36,360,1644
1753619467.378,359,1644
1753619467.4,358,1644
1753619467.411,357,1644
1753619467.419,357,1644
1753619467.438,356,1644
1753619467.456,354,1644
1753619467.469,353,1644
1753619467.485,352,1644
1753619467.501,352,1643
1753619467.516,351,1643
1753619467.532,351,1642
1753619467.547,350,1642
1753619467.566,349,1642
1753619467.579,348,1642
1753619467.579,348,1640
1753619467.596,346,1640
1753619467.596,346,1639
1753619467.596,345,1639
1753619467.611,344,1638
1753619467.626,343,1637
1753619467.642,342,1636
1753619467.642,342,1635
1753619467.658,341,1635
1753619467.704,341,1634
1753619467.73,341,1633
1753619467.736,341,1631
1753619467.799,341,1630
1753619467.83,341,1629
1753619467.846,341,1628
1753619467.846,341,1627
1753619467.862,341,1626
1753619467.877,341,1625
1753619467.893,341,1623
1753619467.924,341,1622
1753619467.971,341,1621
1753619467.987,341,1620
1753619467.987,341,1619
1753619468.049,340,1619
1753619468.175,340,1619
1753619468.175,340,1619
1753619468.207,340,1620
1753619468.221,340,1621
1753619468.237,341,1621
1753619468.253,341,1622
1753619468.268,341,1624
1753619468.29,342,1624
1753619468.3,342,1625
1753619468.335,343,1626
1753619468.347,343,1627
1753619468.373,344,1627
1753619468.394,344,1628
1753619468.408,345,1628
1753619468.427,345,1629
1753619468.427,347,1629
1753619468.459,347,1630
1753619468.472,348,1630
1753619468.507,349,1630
1753619468.535,350,1630
1753619468.568,350,1632
1753619468.629,350,1633
1753619468.645,351,1633
1753619468.676,351,1634
1753619468.696,352,1634
1753619468.771,352,1635
1753619468.788,353,1635
1753619468.843,355,1635
1753619468.849,356,1635
1753619468.881,357,1635
1753619468.881,358,1635
1753619468.898,359,1635
1753619468.912,360,1635
1753619468.912,361,1636
1753619468.912,362,1636
1753619468.929,364,1636
1753619468.934,366,1636
1753619468.934,367,1637
1753619468.944,368,1637
1753619468.961,369,1637
1753619468.961,371,1637
1753619468.975,372,1637
1753619468.991,373,1638
1753619469.006,374,1638
1753619469.006,375,1638
1753619469.022,376,1638
1753619469.038,377,1638
1753619469.069,379,1638
1753619469.069,379,1639
1753619469.1,380,1639
1753619469.116,381,1639
1753619469.116,382,1639
1753619469.147,383,1638
1753619469.147,384,1638
1753619469.194,385,1638
1753619469.194,385,1637
1753619469.211,387,1637
1753619469.226,387,1636
1753619469.226,388,1636
1753619469.257,388,1635
1753619469.273,389,1635
1753619469.288,390,1635
1753619469.32,390,1634
1753619469.351,390,1633
1753619469.367,391,1633
1753619469.367,391,1631
1753619469.382,392,1630
1753619469.382,393,1629
1753619469.398,394,1628
1753619469.398,396,1627
1753619469.413,398,1626
1753619469.429,398,1624
1753619469.429,401,1623
1753619469.429,402,1622
1753619469.445,403,1621
1753619469.445,404,1620
1753619469.46,404,1619
1753619469.46,405,1619
1753619469.481,406,1617
1753619469.492,407,1616
1753619469.509,407,1615
1753619469.523,409,1614
1753619469.523,410,1614
1753619469.539,410,1613
1753619469.539,411,1612
1753619469.555,412,1611
1753619469.57,413,1610
1753619469.586,413,1608
1753619469.617,414,1608
1753619469.633,414,1607
1753619469.633,414,1606
1753619469.648,415,1606
1753619469.664,415,1605
1753619469.664,417,1605
1753619469.68,417,1604
1753619469.68,417,1603
1753619469.695,418,1603
1753619469.711,418,1602
1753619469.726,419,1600
1753619469.743,420,1599
1753619469.754,420,1598
1753619469.758,421,1598
1753619469.758,421,1597
1753619469.758,421,1596
1753619469.774,422,1596
1753619469.79,423,1595
1753619469.79,423,1594
1753619469.79,423,1592
1753619469.805,425,1592
1753619469.805,425,1591
1753619469.821,426,1590
1753619469.836,426,1589
1753619469.852,426,1588
1753619469.868,427,1587
1753619469.868,427,1586
1753619469.887,428,1586
1753619469.887,429,1584
1753619469.899,429,1583
1753619469.899,430,1582
1753619469.916,431,1581
1753619469.93,432,1580
1753619469.93,434,1579
1753619469.946,434,1578
1753619469.961,435,1578
1753619469.961,435,1577
1753619469.993,436,1575
1753619469.995,437,1574
1753619470.009,438,1574
1753619470.009,438,1573
1753619470.025,438,1572
1753619470.025,439,1571
1753619470.058,440,1571
1753619470.072,440,1570
1753619470.072,442,1570
1753619470.092,442,1569
1753619470.119,442,1567
1753619470.166,442,1566
1753619470.182,443,1565
1753619470.198,443,1564
1753619470.199,444,1564
1753619470.199,444,1563
1753619470.213,445,1562
1753619470.235,445,1561
1753619470.244,446,1561
1753619470.26,446,1559
1753619470.276,447,1559
1753619470.276,447,1558
1753619470.295,448,1557
1753619470.308,448,1556
1753619470.324,450,1555
1753619470.326,450,1554
1753619470.339,451,1554
1753619470.341,451,1553
1753619470.359,451,1551
1753619470.371,452,1550
1753619470.4,452,1549
1753619470.436,453,1549
1753619470.468,453,1548
1753619470.481,454,1548
1753619470.57,455,1547
1753619470.575,456,1546
1753619470.592,456,1545
1753619470.592,458,1545
1753619470.607,458,1544
1753619470.622,459,1542
1753619470.669,460,1542
1753619470.7,461,1541
1753619470.716,461,1540
1753619470.716,462,1540
1753619470.747,462,1539
1753619470.763,463,1539
1753619470.779,464,1538
1753619470.795,465,1537
1753619470.795,467,1537
1753619470.812,468,1536
1753619470.812,469,1534
1753619470.826,470,1533
1753619470.826,471,1532
1753619470.842,472,1532
1753619470.842,473,1531
1753619470.857,473,1530
1753619470.857,475,1529
1753619470.873,476,1529
1753619470.904,477,1529
1753619470.904,477,1528
1753619470.955,478,1528
1753619470.955,478,1526
1753619470.967,479,1526
1753619470.983,480,1526
1753619471.061,481,1526
1753619471.077,483,1526
1753619471.124,484,1526
1753619471.127,485,1526
1753619471.14,486,1526
1753619471.157,487,1526
1753619471.157,488,1526
1753619471.171,489,1526
1753619471.187,491,1526
1753619471.188,492,1526
1753619471.195,493,1526
1753619471.203,495,1525
1753619471.218,496,1525
1753619471.234,498,1524
1753619471.234,499,1524
1753619471.25,500,1524
1753619471.25,501,1524
1753619471.265,502,1524
1753619471.281,503,1524
1753619471.281,504,1524
1753619471.308,506,1524
1753619471.313,507,1524
1753619471.321,508,1523
1753619471.329,509,1523
1753619471.346,510,1523
1753619471.346,511,1523
1753619471.36,512,1523
1753619471.376,514,1523
1753619471.376,515,1523
1753619471.393,516,1523
1753619471.408,517,1523
1753619471.423,518,1523
1753619471.439,519,1523
1753619471.454,520,1523
1753619471.47,521,1523
1753619471.47,523,1522
1753619471.486,524,1522
1753619471.501,525,1522
1753619471.517,526,1522
1753619471.517,527,1521
1753619471.517,528,1521
1753619471.517,529,1521
1753619471.533,531,1520
1753619471.533,532,1520
1753619471.548,533,1520
1753619471.548,534,1520
1753619471.564,535,1520
1753619471.595,536,1520
1753619471.626,537,1520
1753619471.642,539,1520
1753619471.664,540,1520
1753619471.673,541,1520
1753619471.69,543,1520
1753619471.69,543,1518
1753619471.69,544,1518
1753619471.705,546,1517
1753619471.721,547,1517
1753619471.736,548,1516
1753619471.752,549,1516
1753619471.752,550,1516
1753619471.767,551,1515
1753619471.767,552,1514
1753619471.783,553,1514
1753619471.783,553,1513
1753619471.799,555,1513
1753619471.799,556,1513
1753619471.814,556,1512
1753619471.83,557,1512
1753619471.861,557,1510
1753619471.877,558,1510
1753619471.892,558,1509
1753619471.908,558,1508
1753619471.908,559,1508
1753619471.924,560,1507
1753619471.939,560,1506
1753619471.955,561,1505
1753619471.955,563,1505
1753619471.955,563,1504
1753619471.971,564,1502
1753619471.986,564,1501
1753619471.986,565,1501
1753619471.986,566,1500
1753619472.002,566,1499
1753619472.002,566,1498
1753619472.017,567,1497
1753619472.033,568,1497
1753619472.033,568,1496
1753619472.049,569,1494
1753619472.064,571,1493
1753619472.08,571,1492
1753619472.08,572,1491
1753619472.08,572,1490
1753619472.08,573,1489
1753619472.095,574,1488
1753619472.095,575,1487
1753619472.111,576,1485
1753619472.111,576,1484
1753619472.127,577,1483
1753619472.127,579,1482
1753619472.142,580,1481
1753619472.158,580,1480
1753619472.158,581,1479
1753619472.174,582,1477
1753619472.206,582,1476
1753619472.222,583,1476
1753619472.238,583,1475
1753619472.252,584,1474
1753619472.268,584,1473
1753619472.268,585,1472
1753619472.283,586,1471
1753619472.283,586,1469
1753619472.299,588,1469
1753619472.299,588,1468
1753619472.315,589,1467
1753619472.346,590,1466
1753619472.38,591,1465
1753619472.393,591,1464
1753619472.423,592,1463
1753619472.456,593,1461
1753619472.459,593,1460
1753619472.472,594,1460
1753619472.473,594,1459
1753619472.481,596,1458
1753619472.483,597,1457
1753619472.497,598,1456
1753619472.513,598,1455
1753619472.53,599,1454
1753619472.538,600,1454
1753619472.567,600,1452
1753619472.598,600,1451
1753619472.598,601,1451
1753619472.613,601,1450
1753619472.645,602,1450
1753619472.645,602,1449
1753619472.645,604,1449
1753619472.691,604,1448
1753619472.707,607,1444
1753619472.707,608,1444
1753619472.723,608,1443
1753619472.738,609,1443
1753619472.74,609,1442
1753619472.754,610,1442
1753619472.77,611,1441
1753619472.785,613,1441
1753619472.785,613,1440
1753619472.801,614,1440
1753619472.816,614,1439
1753619472.817,615,1439
1753619472.85,615,1439
1753619472.864,616,1439
1753619472.895,617,1439
1753619472.911,618,1439
1753619472.926,619,1439
1753619472.942,621,1439
1753619472.989,622,1439
1753619473.02,623,1438
1753619473.02,624,1438
1753619473.036,625,1435
1753619473.054,626,1435
1753619473.054,626,1434
1753619473.067,628,1434
1753619473.083,629,1434
1753619473.083,630,1433
1753619473.114,631,1432
1753619473.13,632,1432
1753619473.13,633,1431
1753619473.161,634,1431
1753619473.175,634,1429
1753619473.193,636,1429
1753619473.193,636,1428
1753619473.225,637,1428
1753619473.257,638,1428
1753619473.272,639,1428
1753619473.287,639,1427
1753619473.303,640,1427
1753619473.334,641,1427
1753619473.334,641,1426
1753619473.35,642,1426
1753619473.365,643,1426
1753619473.384,643,1425
1753619473.39,645,1425
1753619473.413,646,1425
1753619473.42,647,1425
1753619473.444,648,1425
1753619473.444,649,1424
1753619473.46,650,1424
1753619473.476,651,1424
1753619473.476,651,1423
1753619473.491,653,1423
1753619473.507,654,1423
1753619473.554,655,1423
1753619473.738,655,1423
1753619473.742,654,1423
1753619473.775,652,1423
1753619473.778,651,1423
1753619473.789,650,1424
1753619473.808,649,1424
1753619473.808,647,1424
1753619473.821,645,1425
1753619473.821,643,1425
1753619473.852,642,1426
1753619473.852,640,1427
1753619473.868,638,1428
1753619473.883,636,1428
1753619473.883,636,1430
1753619473.899,634,1430
1753619473.9,633,1431
1753619473.9,631,1432
1753619473.915,630,1433
1753619473.915,629,1433
1753619473.93,628,1433
1753619473.93,628,1434
1753619473.93,627,1434
1753619473.946,627,1435
1753619473.946,626,1435
1753619473.977,626,1436
1753619473.977,625,1436
1753619474.025,625,1438
1753619474.026,625,1439
1753619474.04,623,1439
1753619474.087,622,1439
1753619474.103,622,1440
1753619474.118,621,1440
1753619474.149,621,1441
1753619474.149,620,1441
1753619474.165,619,1442
1753619474.181,618,1442
1753619474.181,618,1443
1753619474.21,617,1443
1753619474.213,615,1443
1753619474.216,614,1444
1753619474.228,613,1445
1753619474.228,612,1447
1753619474.243,611,1448
1753619474.247,610,1449
1753619474.274,609,1450
1753619474.274,606,1452
1753619474.274,605,1453
1753619474.29,604,1455
1753619474.305,603,1456
1753619474.305,603,1457
1753619474.321,602,1457
1753619474.337,602,1458
1753619474.352,602,1459
1753619474.395,602,1460
1753619474.4,602,1461
1753619474.415,602,1463
1753619474.431,602,1464
1753619474.448,602,1465
1753619474.501,602,1466
1753619474.511,602,1467
1753619474.521,601,1467
1753619474.527,600,1468
1753619474.543,600,1469
1753619474.544,598,1471
1753619474.544,598,1472
1753619474.544,597,1474
1753619474.558,596,1475
1753619474.558,595,1478
1753619474.572,595,1479
1753619474.572,594,1480
1753619474.588,592,1481
1753619474.604,591,1482
1753619474.619,591,1483
1753619474.62,590,1485
1753619474.623,589,1485
1753619474.648,588,1486
1753619474.651,588,1487
1753619474.667,587,1488
1753619474.667,586,1489
1753619474.682,586,1490
1753619474.682,585,1491
1753619474.698,583,1494
1753619474.698,582,1495
1753619474.698,581,1496
1753619474.714,580,1497
1753619474.714,579,1500
1753619474.729,579,1501
1753619474.729,577,1502
1753619474.745,576,1503
1753619474.745,576,1504
1753619474.76,576,1506
1753619474.76,575,1507
1753619474.776,574,1508
1753619474.792,574,1509
1753619474.792,573,1509
1753619474.807,572,1510
1753619474.807,572,1511
1753619474.823,571,1512
1753619474.823,571,1514
1753619474.823,569,1515
1753619474.838,568,1516
1753619474.838,567,1517
1753619474.854,566,1519
1753619474.854,566,1521
1753619474.87,563,1523
1753619474.87,562,1524
1753619474.885,562,1527
1753619474.885,561,1528
1753619474.901,560,1529
1753619474.901,560,1530
1753619474.901,559,1531
1753619474.917,558,1532
1753619474.932,557,1534
1753619474.932,555,1535
1753619474.948,555,1536
1753619474.948,555,1537
1753619474.963,554,1538
1753619474.963,553,1539
1753619474.963,553,1542
1753619474.979,552,1543
1753619474.995,551,1545
1753619474.995,550,1546
1753619474.995,550,1548
1753619475.01,548,1549
1753619475.01,548,1550
1753619475.026,547,1551
1753619475.026,546,1552
1753619475.042,545,1553
1753619475.042,545,1554
1753619475.057,544,1556
1753619475.057,544,1557
1753619475.073,543,1558
1753619475.088,543,1559
1753619475.104,542,1559
1753619475.104,542,1560
1753619475.121,541,1561
1753619475.136,541,1562
1753619475.151,539,1563
1753619475.151,539,1565
1753619475.167,538,1566
1753619475.167,537,1568
1753619475.177,537,1569
1753619475.183,536,1572
1753619475.19,535,1573
1753619475.198,533,1576
1753619475.198,533,1577
1753619475.214,532,1578
1753619475.214,532,1579
1753619475.23,531,1580
1753619475.23,531,1581
1753619475.245,530,1582
1753619475.256,530,1583
1753619475.261,530,1585
1753619475.277,529,1586
1753619475.292,528,1587
1753619475.292,528,1588
1753619475.292,528,1589
1753619475.308,526,1592
1753619475.324,525,1594
1753619475.324,524,1596
1753619475.339,524,1597
1753619475.339,523,1598
1753619475.355,523,1600
1753619475.355,523,1601
1753619475.355,522,1603
1753619475.372,522,1605
1753619475.372,521,1605
1753619475.386,521,1606
1753619475.403,521,1607
1753619475.403,521,1608
1753619475.418,519,1608
1753619475.418,519,1609
1753619475.449,519,1611
1753619475.449,518,1611
1753619475.465,518,1612
1753619475.475,518,1613
1753619475.481,517,1614
1753619475.481,517,1615
1753619475.496,517,1616
1753619475.496,517,1617
1753619475.496,517,1619
1753619475.513,516,1620
1753619475.513,516,1621
1753619475.528,515,1622
1753619475.528,515,1623
1753619475.544,514,1624
1753619475.559,514,1625
1753619475.559,514,1627
1753619475.575,513,1628
1753619475.592,513,1629
1753619475.606,513,1630
1753619475.606,511,1630
1753619475.623,511,1631
1753619475.653,511,1632
1753619475.7,511,1633
1753619475.716,510,1637
1753619475.716,509,1639
1753619475.736,509,1640
1753619475.765,509,1640
1753619475.811,509,1639
1753619475.827,509,1638
1753619475.842,509,1637
1753619475.844,509,1636
1753619475.844,509,1634
1753619475.858,509,1633
1753619475.874,509,1632
1753619475.874,509,1631
1753619475.874,509,1629
1753619475.89,509,1627
1753619475.89,509,1625
1753619475.89,509,1624
1753619475.905,509,1623
1753619475.92,509,1622
1753619475.921,509,1620
1753619475.921,509,1619
1753619475.937,509,1618
1753619475.953,509,1617
1753619475.955,509,1616
1753619475.955,509,1615
1753619475.968,509,1614
1753619475.968,509,1612
1753619475.984,509,1611
1753619475.984,510,1610
1753619476.0,510,1609
1753619476.015,510,1608
1753619476.031,510,1607
1753619476.046,510,1606
1753619476.062,510,1605
1753619476.062,510,1603
1753619476.078,512,1603
1753619476.078,512,1602
1753619476.094,513,1602
1753619476.11,513,1601
1753619476.11,513,1600
1753619476.125,513,1599
1753619476.142,514,1599
1753619476.156,515,1598
1753619476.156,515,1597
1753619476.172,516,1597
1753619476.172,516,1595
1753619476.203,516,1594
1753619476.22,517,1594
1753619476.22,517,1593
1753619476.234,518,1592
1753619476.235,520,1591
1753619476.255,520,1590
1753619476.262,521,1589
1753619476.267,522,1587
1753619476.267,522,1586
1753619476.283,523,1586
1753619476.283,523,1585
1753619476.298,524,1584
1753619476.298,525,1583
1753619476.313,525,1582
1753619476.329,526,1581
1753619476.344,526,1579
1753619476.344,527,1579
1753619476.36,529,1578
1753619476.36,529,1577
1753619476.376,529,1576
1753619476.376,530,1575
1753619476.392,530,1574
1753619476.402,531,1574
1753619476.409,531,1573
1753619476.409,532,1573
1753619476.423,532,1572
1753619476.436,532,1570
1753619476.438,533,1570
1753619476.438,533,1569
1753619476.465,533,1568
1753619476.471,534,1568
1753619476.485,534,1567
1753619476.504,535,1567
1753619476.504,535,1566
1753619476.518,535,1565
1753619476.543,535,1564
1753619476.549,537,1562
1753619476.549,537,1561
1753619476.564,538,1560
1753619476.579,538,1559
1753619476.579,539,1558
1753619476.596,539,1557
1753619476.596,540,1556
1753619476.611,541,1554
1753619476.626,542,1553
1753619476.642,542,1552
1753619476.658,543,1552
1753619476.673,543,1551
1753619476.689,545,1551
1753619476.689,545,1550
1753619476.704,545,1549
1753619476.72,546,1548
1753619476.736,547,1546
1753619476.736,547,1545
1753619476.751,548,1545
1753619476.783,548,1544
1753619476.814,549,1544
1753619476.814,549,1543
1753619476.829,550,1543
1753619476.845,550,1542
1753619476.861,551,1542
1753619476.876,551,1541
1753619476.892,552,1541
1753619476.923,554,1541
1753619476.923,554,1540
1753619476.939,555,1540
1753619476.955,555,1539
1753619476.955,556,1539
1753619476.97,557,1537
1753619476.97,558,1536
1753619476.97,561,1535
1753619476.986,562,1534
1753619476.986,564,1533
1753619477.002,565,1531
1753619477.002,567,1531
1753619477.017,568,1530
1753619477.017,569,1530
1753619477.033,570,1530
1753619477.147,571,1530
1753619477.191,571,1532
1753619477.191,572,1532
1753619477.226,572,1533
1753619477.238,573,1533
1753619477.27,575,1533
1753619477.285,575,1534
1753619477.301,576,1534
1753619477.301,577,1534
1753619477.332,578,1534
1753619477.332,579,1535
1753619477.348,580,1535
1753619477.379,580,1536
1753619477.379,581,1536
1753619477.395,583,1536
1753619477.395,583,1537
1753619477.41,584,1537
1753619477.426,585,1537
1753619477.426,586,1538
1753619477.442,587,1540
1753619477.442,588,1540
1753619477.457,588,1541
1753619477.457,589,1541
1753619477.473,591,1541
1753619477.473,592,1542
1753619477.488,593,1543
1753619477.504,593,1544
1753619477.504,594,1544
1753619477.522,595,1545
1753619477.532,595,1546
1753619477.538,596,1546
1753619477.556,596,1548
1753619477.574,597,1548
1753619477.576,597,1549
1753619477.583,597,1550
1753619477.599,598,1550
1753619477.615,598,1551
1753619477.63,600,1551
1753619477.646,600,1552
1753619477.646,600,1553
1753619477.646,601,1553
1753619477.661,601,1554
1753619477.677,602,1556
1753619477.677,602,1557
1753619477.693,603,1557
1753619477.693,603,1558
1753619477.724,604,1559
1753619477.771,605,1559
1753619477.771,606,1560
1753619477.787,608,1560
1753619477.818,609,1561
1753619477.834,610,1562
1753619477.834,611,1562
1753619477.85,612,1562
1753619477.865,613,1563
1753619477.881,614,1563
1753619477.897,616,1565
1753619477.912,617,1565
1753619477.928,617,1566
1753619477.928,618,1566
1753619477.962,619,1566
1753619477.963,620,1567
1753619477.965,621,1567
1753619477.975,622,1568
1753619477.975,623,1568
1753619477.975,625,1568
1753619477.992,626,1569
1753619478.005,627,1569
1753619478.006,628,1569
1753619478.006,629,1569
1753619478.038,630,1569
1753619478.041,631,1569
1753619478.054,633,1569
1753619478.054,634,1569
1753619478.072,635,1569
1753619478.085,636,1569
1753619478.085,637,1569
1753619478.101,638,1569
1753619478.103,639,1569
1753619478.117,641,1569
1753619478.117,642,1569
1753619478.132,643,1569
1753619478.132,644,1569
1753619478.148,645,1569
1753619478.169,646,1569
1753619478.195,647,1569
1753619478.226,649,1569
1753619478.226,650,1569
1753619478.242,651,1568
1753619478.242,653,1567
1753619478.255,654,1567
1753619478.259,656,1567
1753619478.259,657,1567
1753619478.281,657,1565
1753619478.284,658,1565
1753619478.289,659,1564
1753619478.29,660,1564
1753619478.322,660,1563
1753619478.322,661,1563
1753619478.322,662,1562
1753619478.337,664,1562
1753619478.337,664,1561
1753619478.352,666,1560
1753619478.352,667,1559
1753619478.368,668,1559
1753619478.368,669,1557
1753619478.368,671,1556
1753619478.383,672,1556
1753619478.399,673,1555
1753619478.404,673,1554
1753619478.404,674,1554
1753619478.416,675,1554
1753619478.416,675,1553
1753619478.47,676,1552
1753619478.496,680,1549
1753619478.497,682,1547
1753619478.511,683,1547
1753619478.526,683,1546
1753619478.571,683,1545
1753619478.573,684,1545
1753619478.574,685,1544
1753619478.585,685,1543
1753619478.59,687,1541
1753619478.59,688,1540
1753619478.606,689,1539
1753619478.611,689,1538
1753619478.621,690,1537
1753619478.621,691,1537
1753619478.638,692,1536
1753619478.652,693,1535
1753619478.668,694,1535
1753619478.671,696,1534
1753619478.684,696,1532
1753619478.699,697,1531
1753619478.715,698,1530
1753619478.746,698,1529
1753619478.809,698,1528
1753619478.824,698,1527
1753619478.84,698,1526
1753619478.889,698,1524
1753619478.919,698,1523
1753619478.95,698,1522
1753619478.95,697,1522
1753619478.985,697,1521
1753619478.998,695,1521
1753619479.029,694,1521
1753619479.044,694,1520
1753619479.06,694,1519
1753619479.076,693,1519
1753619479.076,693,1518
1753619479.123,693,1516
1753619479.141,692,1516
1753619479.155,692,1515
1753619479.155,691,1515
1753619479.17,691,1514
1753619479.186,691,1513
1753619479.202,690,1512
1753619479.202,690,1511
1753619479.202,690,1510
1753619479.233,690,1508
1753619479.249,690,1507
1753619479.249,689,1507
1753619479.264,689,1506
1753619479.28,688,1505
1753619479.311,686,1504
1753619479.342,685,1504
1753619479.358,684,1504
1753619479.374,683,1504
1753619479.389,682,1504
1753619479.42,681,1504
1753619479.452,680,1504
1753619479.467,678,1504
1753619479.467,677,1504
1753619479.483,676,1504
1753619479.52,675,1504
1753619479.52,674,1504
1753619479.53,674,1504
1753619479.547,673,1504
1753619479.561,672,1504
1753619479.577,670,1505
1753619479.584,669,1505
1753619479.593,668,1505
1753619479.609,667,1505
1753619479.624,666,1505
1753619479.64,665,1505
1753619479.656,664,1506
1753619479.671,663,1506
1753619479.687,661,1506
1753619479.718,660,1506
1753619479.718,660,1507
1753619479.718,659,1507
1753619479.749,658,1509
1753619479.749,657,1509
1753619479.749,656,1509
1753619479.765,655,1509
1753619479.781,653,1510
1753619479.781,652,1511
1753619479.781,651,1511
1753619479.796,650,1512
1753619479.812,649,1512
1753619479.812,648,1512
1753619479.827,648,1513
1753619479.834,647,1513
1753619479.834,645,1514
1753619479.86,644,1514
1753619479.875,643,1515
1753619479.875,642,1515
1753619479.891,642,1517
1753619479.891,641,1517
1753619479.906,640,1517
1753619479.906,639,1518
1753619479.953,637,1518
1753619479.953,637,1519
1753619479.953,636,1520
1753619479.969,635,1521
1753619479.984,634,1521
1753619479.984,633,1522
1753619479.984,632,1523
1753619480.0,631,1523
1753619480.0,630,1525
1753619480.031,630,1526
1753619480.031,628,1526
1753619480.062,628,1527
1753619480.078,628,1528
1753619480.094,628,1529
1753619480.094,627,1530
1753619480.109,626,1530
1753619480.125,626,1531
1753619480.141,625,1533
1753619480.141,624,1534
1753619480.141,624,1535
1753619480.156,623,1536
1753619480.156,622,1537
1753619480.172,620,1538
1753619480.172,619,1538
1753619480.187,619,1539
1753619480.187,618,1539
1753619480.187,618,1540
1753619480.234,618,1542
1753619480.266,617,1542
1753619480.269,617,1543
1753619480.278,617,1544
1753619480.298,616,1545
1753619480.298,615,1546
1753619480.312,615,1547
1753619480.313,614,1547
1753619480.319,614,1548
1753619480.329,614,1550
1753619480.376,612,1551
1753619480.392,612,1552
1753619480.407,612,1553
1753619480.423,611,1553
1753619480.423,611,1554
1753619480.423,611,1555
1753619480.439,610,1556
1753619480.455,610,1558
1753619480.455,609,1559
1753619480.466,609,1560
1753619480.472,608,1561
1753619480.472,608,1562
1753619480.488,608,1563
1753619480.489,608,1564
1753619480.503,607,1566
1753619480.519,607,1567
1753619480.534,607,1568
1753619480.534,606,1569
1753619480.551,606,1570
1753619480.552,606,1571
1753619480.552,604,1572
1753619480.579,604,1573
1753619480.582,604,1575
1753619480.582,603,1576
1753619480.598,603,1577
1753619480.615,603,1578
1753619480.615,603,1579
1753619480.628,603,1580
1753619480.644,603,1581
1753619480.66,603,1583
1753619480.675,603,1584
1753619480.692,603,1585
1753619480.693,602,1586
1753619480.693,602,1587
1753619480.707,602,1588
1753619480.724,602,1589
1753619480.724,602,1591
1753619480.738,602,1592
1753619480.738,602,1593
1753619480.754,602,1594
1753619480.754,602,1595
1753619480.769,602,1596
1753619480.769,602,1597
1753619480.786,602,1599
1753619480.801,602,1600
1753619480.801,602,1601
1753619480.817,602,1602
1753619480.819,602,1603
1753619480.834,602,1604
1753619480.834,602,1605
1753619480.849,602,1606
1753619480.864,602,1608
1753619480.88,602,1609
1753619480.88,602,1610
1753619480.896,602,1611
1753619480.911,602,1612
1753619480.911,603,1613
1753619480.927,603,1614
1753619480.927,603,1616
1753619480.943,605,1617
1753619480.959,605,1618
1753619480.993,606,1619
1753619481.006,606,1620
1753619481.006,607,1620
1753619481.021,607,1621
1753619481.037,607,1622
1753619481.053,608,1622
1753619481.084,608,1624
1753619481.084,609,1624
1753619481.1,609,1625
1753619481.116,610,1625
1753619481.131,610,1626
1753619481.147,611,1626
1753619481.163,613,1627
1753619481.179,614,1628
1753619481.21,615,1629
1753619481.227,616,1629
1753619481.258,616,1630
1753619481.273,617,1630
1753619481.289,618,1630
1753619481.321,618,1632
1753619481.321,619,1632
1753619481.337,621,1632
1753619481.352,622,1633
1753619481.368,623,1633
1753619481.383,624,1633
1753619481.399,625,1633
1753619481.414,625,1634
1753619481.435,626,1634
1753619481.446,627,1635
1753619481.477,629,1635
1753619481.505,630,1636
1753619481.508,631,1636
1753619481.524,632,1636
1753619481.555,633,1636
1753619481.555,634,1636
1753619481.587,635,1636
1753619481.603,636,1636
1753619481.603,638,1636
1753619481.636,639,1636
1753619481.636,640,1636
1753619481.65,641,1636
1753619481.697,642,1636
1753619481.712,646,1636
1753619481.728,647,1635
1753619481.728,648,1635
1753619481.744,649,1634
1753619481.744,650,1634
1753619481.775,651,1634
1753619481.793,652,1634
1753619481.793,654,1634
1753619481.806,655,1633
1753619481.838,656,1633
1753619481.838,656,1631
1753619481.838,657,1631
1753619481.853,657,1630
1753619481.853,658,1630
1753619481.869,659,1630
1753619481.885,660,1629
1753619481.885,662,1629
1753619481.885,663,1628
1753619481.9,664,1628
1753619481.916,664,1627
1753619481.916,665,1627
1753619481.932,666,1627
1753619481.947,666,1626
1753619481.947,667,1626
1753619481.963,668,1626
1753619481.978,669,1625
1753619481.994,671,1625
1753619481.994,671,1623
1753619482.01,672,1623
1753619482.01,673,1622
1753619482.01,674,1621
1753619482.041,675,1621
1753619482.041,676,1621
1753619482.057,677,1620
1753619482.072,679,1620
1753619482.088,680,1619
1753619482.088,681,1618
1753619482.105,682,1618
1753619482.119,683,1617
1753619482.119,684,1615
1753619482.135,685,1614
1753619482.15,688,1613
1753619482.166,689,1612
1753619482.166,689,1611
1753619482.182,690,1611
1753619482.182,691,1611
1753619482.197,692,1610
1753619482.213,692,1609
1753619482.213,694,1609
1753619482.213,695,1607
1753619482.213,695,1606
1753619482.235,696,1605
1753619482.245,697,1604
1753619482.245,698,1601
1753619482.262,700,1599
1753619482.262,702,1597
1753619482.276,703,1596
1753619482.276,705,1595
1753619482.292,706,1594
1753619482.292,706,1593
1753619482.305,707,1593
1753619482.309,707,1592
1753619482.309,708,1592
1753619482.324,708,1591
1753619482.324,709,1591
1753619482.34,709,1589
1753619482.34,710,1589
1753619482.34,711,1588
1753619482.355,713,1588
1753619482.355,713,1587
1753619482.371,714,1586
1753619482.371,715,1586
1753619482.386,715,1585
1753619482.402,716,1585
1753619482.418,716,1584
1753619482.418,717,1584
1753619482.433,718,1584
1753619482.465,718,1583
1753619482.465,719,1583
1753619482.481,719,1581
1753619482.495,721,1581
1753619482.497,722,1580
1753619482.512,723,1579
1753619482.528,724,1579
1753619482.528,725,1578
1753619482.544,726,1578
1753619482.554,727,1578
1753619482.572,729,1578
1753619482.576,729,1577
1753619482.594,730,1577
1753619482.601,730,1576
1753619482.614,731,1576
1753619482.614,731,1575
1753619482.614,731,1573
1753619482.635,731,1572
1753619482.642,732,1572
1753619482.661,733,1571
1753619482.67,734,1571
1753619482.67,734,1570
1753619482.686,735,1569
1753619482.702,736,1568
1753619482.702,738,1568
1753619482.717,739,1567
1753619482.717,740,1565
1753619482.733,740,1564
1753619482.733,741,1564
1753619482.733,742,1563
1753619482.749,743,1562
1753619482.764,744,1562
1753619482.78,746,1562
1753619482.796,747,1561
1753619482.796,747,1560
1753619482.811,748,1560
1753619482.811,749,1559
1753619482.827,750,1558
1753619482.827,750,1556
1753619482.842,751,1556
1753619482.847,752,1555
1753619482.858,754,1555
1753619482.858,755,1554
1753619482.874,756,1553
1753619482.887,756,1552
1753619482.89,757,1551
1753619482.89,758,1550
1753619482.906,759,1550
1753619482.922,760,1550
1753619482.969,762,1550
1753619483.004,762,1548
1753619483.016,763,1547
1753619483.047,764,1546
1753619483.047,765,1546
1753619483.063,766,1545
1753619483.078,767,1544
1753619483.078,768,1544
1753619483.094,768,1544
1753619483.094,769,1544
1753619483.126,771,1544
1753619483.141,772,1543
1753619483.141,773,1542
1753619483.157,774,1540
1753619483.173,775,1540
1753619483.188,775,1539
1753619483.188,776,1539
1753619483.216,776,1538
1753619483.236,777,1537
1753619483.253,779,1537
1753619483.253,779,1536
1753619483.253,779,1535
1753619483.267,780,1535
1753619483.283,781,1535
1753619483.283,781,1534
1753619483.283,782,1534
1753619483.299,782,1532
1753619483.317,783,1531
1753619483.33,784,1531
1753619483.33,784,1530
1753619483.33,785,1529
1753619483.347,787,1528
1753619483.368,788,1528
1753619483.368,788,1527
1753619483.377,789,1526
1753619483.392,790,1525
1753619483.392,790,1523
1753619483.402,791,1522
1753619483.409,792,1521
1753619483.44,792,1520
1753619483.44,793,1519
1753619483.455,793,1518
1753619483.455,795,1518
1753619483.455,795,1517
1753619483.471,796,1515
1753619483.487,796,1514
1753619483.487,797,1514
1753619483.502,797,1513
1753619483.502,798,1512
1753619483.534,799,1512
1753619483.534,799,1511
1753619483.534,800,1511
1753619483.549,800,1510
1753619483.565,801,1509
1753619483.57,801,1507
1753619483.58,802,1507
1753619483.58,802,1506
1753619483.596,804,1506
1753619483.606,804,1505
1753619483.619,805,1504
1753619483.628,806,1503
1753619483.659,807,1502
1753619483.675,807,1501
1753619483.688,808,1501
1753619483.691,808,1500
1753619483.722,808,1498
1753619483.738,808,1497
1753619483.753,809,1496
1753619483.753,811,1494
1753619483.77,811,1492
1753619483.77,812,1490
1753619483.785,812,1489
1753619483.785,813,1489
1753619483.785,813,1488
1753619483.801,814,1488
1753619483.801,814,1487
1753619483.832,815,1487
1753619483.832,815,1485
1753619483.832,816,1485
1753619483.848,816,1484
1753619483.864,817,1483
1753619483.879,817,1482
1753619483.895,819,1481
1753619483.895,820,1480
1753619483.912,820,1479
1753619483.989,821,1477
1753619484.005,821,1476
1753619484.005,822,1476
1753619484.02,822,1475
1753619484.036,822,1474
1753619484.052,822,1473
1753619484.083,823,1472
1753619484.1,823,1471
1753619484.13,823,1469
1753619484.133,824,1469
1753619484.146,824,1468
1753619484.177,824,1467
1753619484.21,824,1466
1753619484.24,824,1465
1753619484.256,824,1464
1753619484.258,824,1463
1753619484.288,824,1461
1753619484.304,825,1460
1753619484.321,825,1459
1753619484.323,825,1458
1753619484.334,825,1457
1753619484.337,825,1456
1753619484.351,825,1455
1753619484.368,827,1454
1753619484.37,827,1452
1753619484.384,827,1451
1753619484.398,827,1450
1753619484.414,827,1449
1753619484.414,826,1448
1753619484.43,827,1448
1753619484.43,827,1447
1753619484.445,826,1446
1753619484.445,826,1444
1753619484.445,826,1443
1753619484.461,826,1441
1753619484.477,826,1440
1753619484.477,825,1439
1753619484.493,825,1437
1753619484.51,825,1436
1753619484.54,825,1436
1753619484.557,825,1436
1753619484.573,824,1436
1753619484.619,823,1436
1753619484.635,822,1436
1753619484.635,821,1436
1753619484.652,821,1436
1753619484.681,821,1438
1753619484.696,820,1438
1753619484.712,818,1439
1753619484.728,817,1439
1753619484.728,817,1440
1753619484.743,816,1440
1753619484.759,815,1440
1753619484.806,814,1440
1753619484.821,813,1440
1753619484.821,812,1440
1753619484.853,811,1441
1753619484.868,809,1441
1753619484.915,808,1441
1753619484.931,807,1441
1753619484.946,806,1441
1753619484.962,806,1442
1753619484.978,805,1442
1753619485.009,804,1442
1753619485.056,803,1443
1753619485.056,801,1444
1753619485.087,800,1444
1753619485.118,799,1444
1753619485.118,799,1446
1753619485.134,798,1446
1753619485.165,797,1447
1753619485.181,797,1448
1753619485.196,796,1448
1753619485.212,795,1448
1753619485.243,793,1448
1753619485.243,792,1448
1753619485.243,791,1448
1753619485.274,790,1448
1753619485.291,790,1449
1753619485.291,789,1449
1753619485.322,789,1450
1753619485.338,788,1450
1753619485.338,787,1450
1753619485.369,786,1451
1753619485.369,784,1452
1753619485.385,784,1454
1753619485.4,783,1454
1753619485.416,783,1455
1753619485.416,782,1455
1753619485.416,782,1456
1753619485.432,781,1456
1753619485.447,780,1457
1753619485.463,779,1458
1753619485.463,778,1459
1753619485.463,778,1460
1753619485.479,776,1460
1753619485.494,776,1461
1753619485.494,775,1461
1753619485.502,775,1463
1753619485.51,774,1463
1753619485.519,773,1463
1753619485.526,772,1464
1753619485.526,771,1465
1753619485.526,768,1466
1753619485.542,767,1467
1753619485.542,767,1468
1753619485.557,766,1468
1753619485.573,766,1470
1753619485.573,765,1470
1753619485.573,764,1470
1753619485.604,763,1471
1753619485.604,761,1471
1753619485.62,761,1472
1753619485.636,761,1473
1753619485.636,760,1474
1753619485.653,759,1475
1753619485.669,758,1476
1753619485.669,757,1476
1753619485.683,757,1478
1753619485.699,756,1478
1753619485.714,756,1479
1753619485.73,756,1480
1753619485.73,755,1480
1753619485.746,755,1481
1753619485.773,755,1482
1753619485.777,753,1482
1753619485.793,753,1483
1753619485.793,752,1484
1753619485.808,752,1486
1753619485.826,751,1486
1753619485.84,751,1487
1753619485.856,750,1487
1753619485.856,750,1488
1753619485.872,749,1489
1753619485.888,749,1490
1753619485.903,748,1491
1753619485.903,748,1492
1753619485.903,747,1493
1753619485.92,747,1495
1753619485.92,745,1496
1753619485.935,744,1497
1753619485.935,744,1498
1753619485.935,743,1499
1753619485.95,742,1500
1753619485.95,742,1501
1753619485.966,741,1501
1753619485.998,741,1503
1753619486.013,740,1504
1753619486.045,739,1504
1753619486.045,739,1505
1753619486.062,739,1506
1753619486.069,737,1507
1753619486.071,736,1508
1753619486.076,736,1509
1753619486.092,735,1511
1753619486.108,734,1512
1753619486.123,734,1513
1753619486.17,733,1513
1753619486.17,733,1514
1753619486.186,733,1515
1753619486.201,733,1516
1753619486.217,732,1517
1753619486.248,732,1518
1753619486.264,732,1520
1753619486.295,732,1521
1753619486.311,732,1522
1753619486.326,732,1523
1753619486.342,731,1523
1753619486.342,730,1524
1753619486.342,730,1525
1753619486.359,730,1526
1753619486.359,730,1529
1753619486.374,730,1530
1753619486.385,728,1531
1753619486.39,727,1532
1753619486.39,727,1533
1753619486.39,726,1535
1753619486.405,726,1536
1753619486.413,726,1537
1753619486.421,726,1538
1753619486.421,726,1539
1753619486.437,725,1540
1753619486.454,725,1541
1753619486.454,725,1543
1753619486.469,724,1544
1753619486.469,724,1545
1753619486.485,724,1546
1753619486.485,723,1547
1753619486.5,723,1548
1753619486.516,723,1549
1753619486.516,722,1550
1753619486.531,722,1552
1753619486.545,722,1553
1753619486.55,720,1554
1753619486.58,720,1555
1753619486.628,720,1556
1753619486.628,719,1557
1753619486.628,719,1558
1753619486.649,719,1560
1753619486.658,719,1561
1753619486.658,719,1562
1753619486.674,719,1563
1753619486.686,718,1564
1753619486.692,717,1565
1753619486.706,717,1566
1753619486.706,717,1568
1753619486.721,717,1569
1753619486.737,716,1570
1753619486.752,716,1571
1753619486.768,716,1572
1753619486.768,716,1573
1753619486.784,716,1574
1753619486.784,716,1576
1753619486.799,716,1577
1753619486.815,716,1578
1753619486.831,716,1579
1753619486.831,716,1580
1753619486.846,716,1581
1753619486.846,716,1582
1753619486.862,716,1583
1753619486.878,716,1585
1753619486.878,716,1586
1753619486.896,716,1587
1753619486.91,716,1588
1753619486.912,716,1589
1753619486.912,716,1590
1753619486.927,716,1591
1753619486.936,716,1593
1753619486.941,716,1594
1753619486.957,716,1595
1753619486.972,716,1595
1753619486.972,716,1596
1753619486.988,716,1597
1753619487.004,716,1598
1753619487.004,717,1598
1753619487.022,717,1599
1753619487.035,717,1601
1753619487.035,718,1602
1753619487.051,718,1603
1753619487.066,718,1604
1753619487.082,718,1605
1753619487.082,719,1606
1753619487.113,719,1607
1753619487.129,719,1609
1753619487.136,721,1609
1753619487.152,721,1610
1753619487.168,721,1611
1753619487.176,722,1612
1753619487.186,722,1613
1753619487.203,722,1614
1753619487.209,722,1615
1753619487.225,723,1616
1753619487.225,723,1618
1753619487.225,723,1619
1753619487.246,723,1620
1753619487.256,724,1621
1753619487.256,724,1622
1753619487.288,724,1623
1753619487.303,724,1624
1753619487.303,725,1624
1753619487.335,726,1626
1753619487.35,726,1627
1753619487.35,726,1628
1753619487.366,727,1628
1753619487.366,729,1629
1753619487.382,729,1630
1753619487.382,729,1631
1753619487.428,729,1632
1753619487.428,730,1632
1753619487.475,731,1632
1753619487.491,731,1634
1753619487.507,732,1634
1753619487.522,733,1634
1753619487.522,734,1635
1753619487.538,735,1635
1753619487.553,735,1636
1753619487.569,736,1636
1753619487.569,739,1637
1753619487.585,740,1637
1753619487.585,740,1637
1753619487.6,740,1637
1753619487.647,741,1637
1753619487.659,741,1638
1753619487.663,742,1638
1753619487.675,743,1638
1753619487.702,744,1638
1753619487.71,746,1639
1753619487.71,747,1639
1753619487.757,748,1639
1753619487.773,749,1639
1753619487.804,750,1639
1753619487.82,751,1639
1753619487.835,752,1639
1753619487.835,754,1639
1753619487.851,754,1639
1753619487.867,755,1639
1753619487.882,756,1639
1753619487.898,757,1639
1753619487.929,758,1639
1753619487.929,758,1638
1753619487.96,759,1638
1753619487.96,760,1638
1753619487.976,760,1637
1753619487.992,762,1636
1753619488.023,763,1636
1753619488.04,764,1635
1753619488.04,765,1635
1753619488.055,765,1633
1753619488.055,766,1633
1753619488.07,767,1633
1753619488.07,770,1632
1753619488.086,771,1632
1753619488.086,772,1632
1753619488.102,773,1632
1753619488.117,773,1631
1753619488.118,774,1631
1753619488.135,775,1630
1753619488.135,777,1630
1753619488.149,777,1629
1753619488.196,777,1628
1753619488.212,777,1626
1753619488.234,778,1626
1753619488.243,778,1625
1753619488.306,779,1624
1753619488.338,779,1623
1753619488.384,779,1622
1753619488.433,779,1621
1753619488.464,780,1620
1753619488.496,781,1620
1753619488.511,781,1619
1753619488.511,782,1619
1753619488.529,782,1617
1753619488.529,783,1617
1753619488.543,783,1616
1753619488.553,785,1616
1753619488.559,786,1616
1753619488.59,787,1615
1753619488.606,788,1614
1753619488.622,790,1613
1753619488.622,792,1613
1753619488.638,793,1612
1753619488.638,794,1610
1753619488.651,795,1610
1753619488.654,796,1609
1753619488.669,797,1609
1753619488.669,797,1608
1753619488.685,798,1608
1753619488.732,798,1607
1753619488.732,800,1607
1753619488.763,801,1607
1753619488.763,801,1606
1753619488.763,802,1605
1753619488.779,802,1604
1753619488.779,803,1604
1753619488.794,804,1602
1753619488.81,805,1601
1753619488.81,806,1600
1753619488.826,807,1600
1753619488.835,807,1599
1753619488.842,809,1599
1753619488.88,809,1598
1753619488.889,810,1598
1753619488.906,810,1597
1753619488.921,811,1597
1753619488.946,812,1596
1753619488.952,813,1595
1753619488.969,813,1593
1753619488.969,814,1593
1753619489.002,815,1593
1753619489.016,815,1592
1753619489.016,817,1592
1753619489.049,817,1591
1753619489.049,818,1591
1753619489.064,818,1590
1753619489.08,819,1590
1753619489.095,819,1589
1753619489.103,820,1588
1753619489.111,821,1588
1753619489.116,822,1588
1753619489.137,823,1588
1753619489.175,823,1587
1753619489.19,825,1587
1753619489.206,825,1585
1753619489.219,826,1585
1753619489.222,827,1584
1753619489.223,828,1584
1753619489.238,830,1583
1753619489.238,830,1582
1753619489.254,832,1581
1753619489.254,833,1581
1753619489.254,833,1580
1753619489.27,834,1578
1753619489.301,834,1577
1753619489.332,835,1577
1753619489.37,835,1576
1753619489.37,836,1576
1753619489.379,836,1575
1753619489.379,837,1575
1753619489.395,838,1575
1753619489.396,838,1574
1753619489.411,840,1574
1753619489.411,840,1573
1753619489.423,841,1573
1753619489.426,842,1573
1753619489.426,842,1572
1753619489.451,843,1572
1753619489.458,843,1570
1753619489.473,843,1569
1753619489.489,844,1569
1753619489.505,845,1568
1753619489.52,846,1568
1753619489.52,846,1567
1753619489.52,848,1566
1753619489.542,849,1566
1753619489.543,849,1565
1753619489.569,850,1565
1753619489.583,850,1564
1753619489.586,851,1564
1753619489.599,852,1563
1753619489.599,852,1561
1753619489.599,852,1560
1753619489.615,853,1559
1753619489.615,854,1558
1753619489.631,856,1558
1753619489.646,856,1557
1753619489.646,857,1556
1753619489.646,858,1555
1753619489.678,858,1553
1753619489.693,859,1552
1753619489.724,860,1552
1753619489.74,860,1551
1753619489.771,861,1551
1753619489.818,862,1550
1753619489.849,862,1549
1753619489.865,863,1549
1753619489.865,863,1548
1753619489.881,865,1548
1753619489.896,865,1547
1753619489.928,865,1545
1753619489.928,866,1545
1753619489.943,866,1544
1753619489.943,866,1543
1753619489.959,867,1543
1753619489.974,868,1542
1753619489.974,868,1540
1753619489.974,871,1538
1753619489.99,872,1537
1753619489.99,873,1536
1753619490.006,874,1535
1753619490.021,874,1532
1753619490.021,875,1532
1753619490.037,875,1531
1753619490.037,875,1530
1753619490.037,876,1529
1753619490.053,876,1528
1753619490.053,878,1528
1753619490.068,879,1527
1753619490.068,879,1526
1753619490.084,880,1523
1753619490.084,881,1520
1753619490.084,882,1519
1753619490.099,884,1517
1753619490.099,885,1516
1753619490.115,886,1514
1753619490.131,886,1513
1753619490.131,887,1512
1753619490.131,888,1512
1753619490.146,888,1511
1753619490.146,888,1510
1753619490.177,888,1509
1753619490.193,889,1509
1753619490.209,891,1508
1753619490.209,891,1506
1753619490.24,892,1506
1753619490.256,892,1505
1753619490.271,892,1504
1753619490.302,893,1503
1753619490.334,894,1503
1753619490.349,894,1502
1753619490.365,895,1502
1753619490.381,895,1501
1753619490.444,896,1500
1753619490.444,896,1499
1753619490.475,897,1499
1753619490.491,899,1497
1753619490.506,899,1496
1753619490.506,900,1494
1753619490.522,901,1494
1753619490.522,901,1493
1753619490.538,902,1491
1753619490.554,903,1490
1753619490.554,904,1489
1753619490.57,904,1488
1753619490.581,904,1487
1753619490.587,905,1486
1753619490.587,907,1485
1753619490.601,908,1485
1753619490.604,909,1482
1753619490.618,912,1481
1753619490.633,912,1480
1753619490.633,914,1477
1753619490.645,916,1474
1753619490.65,916,1470
1753619490.653,918,1469
1753619490.665,918,1468
1753619490.679,920,1466
1753619490.685,921,1465
1753619490.724,921,1464
1753619490.734,921,1463
1753619490.761,921,1462
1753619490.806,921,1462
1753619490.838,921,1461
1753619490.853,921,1460
1753619490.885,921,1458
1753619490.885,921,1457
1753619490.901,921,1455
1753619490.901,921,1452
1753619490.916,921,1451
1753619490.948,921,1450
1753619490.967,921,1448
1753619490.967,921,1447
1753619490.985,919,1447
1753619490.995,919,1447
1753619491.045,919,1448
1753619491.058,918,1448
1753619491.091,917,1448
1753619491.091,917,1448
1753619491.106,917,1447
1753619491.122,917,1447
1753619491.138,917,1447
1753619491.185,916,1446
1753619491.185,916,1444
1753619491.201,915,1444
1753619491.217,915,1443
1753619491.248,914,1443
1753619491.295,914,1442
1753619491.311,913,1442
1753619491.311,913,1441
1753619491.326,911,1441
1753619491.342,911,1441
1753619491.358,910,1441
1753619491.373,909,1441
1753619491.389,909,1441
1753619491.389,908,1441
1753619491.42,907,1441
1753619491.451,906,1441
1753619491.467,905,1441
1753619491.467,903,1441
1753619491.476,902,1441
1753619491.483,901,1441
1753619491.483,900,1441
1753619491.499,899,1441
1753619491.499,898,1440
1753619491.514,897,1440
1753619491.514,895,1440
1753619491.514,894,1440
1753619491.53,893,1440
1753619491.53,892,1440
1753619491.546,891,1440
1753619491.561,890,1440
1753619491.593,889,1440
1753619491.609,888,1440
1753619491.609,888,1440
1753619491.642,886,1440
1753619491.642,885,1440
1753619491.656,885,1441
1753619491.672,884,1441
1753619491.675,883,1442
1753619491.687,882,1442
1753619491.718,882,1443
1753619491.734,881,1443
1753619491.75,881,1445
1753619491.75,880,1445
1753619491.765,878,1445
1753619491.784,878,1446
1753619491.799,877,1446
1753619491.817,877,1447
1753619491.828,876,1447
1753619491.833,876,1448
1753619491.844,875,1448
1753619491.86,874,1449
1753619491.876,874,1450
1753619491.907,873,1451
1753619491.922,872,1451
1753619491.969,870,1451
1753619491.973,870,1452
1753619491.985,869,1454
1753619491.987,869,1455
1753619492.001,869,1456
1753619492.017,868,1456
1753619492.033,867,1456
1753619492.048,866,1456
1753619492.058,866,1457
1753619492.072,866,1458
1753619492.098,865,1459
1753619492.098,864,1459
1753619492.098,862,1460
1753619492.113,861,1460
1753619492.128,860,1462
1753619492.135,859,1462
1753619492.145,858,1463
1753619492.145,857,1464
1753619492.159,856,1464
1753619492.159,856,1465
1753619492.159,855,1465
1753619492.175,853,1466
1753619492.206,853,1467
1753619492.206,852,1467
1753619492.223,851,1468
1753619492.238,850,1468
1753619492.238,850,1470
1753619492.26,850,1471
1753619492.287,849,1472
1753619492.301,848,1472
1753619492.301,848,1473
1753619492.332,847,1474
1753619492.348,845,1475
1753619492.364,845,1476
1753619492.364,844,1478
1753619492.411,843,1479
1753619492.411,843,1480
1753619492.411,843,1481
1753619492.427,842,1481
1753619492.441,841,1482
1753619492.442,840,1483
1753619492.458,840,1484
1753619492.469,839,1485
1753619492.474,837,1487
1753619492.489,837,1488
1753619492.505,836,1488
1753619492.505,836,1489
1753619492.52,835,1489
1753619492.52,835,1490
1753619492.551,834,1490
1753619492.583,833,1491
1753619492.599,832,1492
1753619492.616,832,1493
1753619492.616,831,1493
1753619492.616,831,1495
1753619492.645,831,1496
1753619492.645,829,1496
1753619492.661,829,1497
1753619492.673,828,1498
1753619492.678,828,1499
1753619492.693,827,1499
1753619492.708,827,1500
1753619492.71,826,1501
1753619492.723,825,1503
1753619492.74,825,1504
1753619492.743,825,1505
1753619492.743,824,1506
1753619492.772,824,1507
1753619492.775,823,1508
1753619492.777,822,1508
1753619492.787,822,1509
1753619492.793,822,1511
1753619492.793,820,1511
1753619492.803,820,1512
1753619492.818,819,1512
1753619492.834,818,1512
1753619492.85,818,1513
1753619492.881,818,1514
1753619492.896,818,1515
1753619492.959,817,1516
1753619492.975,817,1517
1753619492.99,816,1517
1753619493.006,816,1518
1753619493.006,816,1520
1753619493.037,815,1521
1753619493.068,815,1522
1753619493.084,815,1523
1753619493.084,814,1523
1753619493.1,814,1524
1753619493.115,812,1525
1753619493.115,812,1526
1753619493.131,812,1528
1753619493.146,811,1529
1753619493.162,810,1531
1753619493.178,809,1532
1753619493.178,809,1533
1753619493.178,809,1535
1753619493.193,808,1536
1753619493.224,808,1537
1753619493.24,807,1537
1753619493.24,807,1538
1753619493.24,807,1539
1753619493.24,807,1540
1753619493.256,805,1540
1753619493.271,805,1541
1753619493.287,805,1543
1753619493.287,804,1544
1753619493.303,804,1545
1753619493.319,803,1546
1753619493.334,803,1547
1753619493.35,802,1547
1753619493.35,802,1548
1753619493.365,802,1549
1753619493.383,802,1551
1753619493.413,802,1552
1753619493.428,802,1553
1753619493.432,802,1554
1753619493.444,801,1555
1753619493.466,801,1556
1753619493.467,801,1557
1753619493.476,801,1559
1753619493.493,801,1560
1753619493.539,801,1561
1753619493.539,801,1562
1753619493.554,801,1563
1753619493.586,800,1564
1753619493.587,800,1565
1753619493.603,800,1566
1753619493.603,800,1568
1753619493.619,800,1569
1753619493.634,800,1570
1753619493.665,800,1571
1753619493.665,799,1572
1753619493.685,799,1575
1753619493.696,799,1576
1753619493.711,799,1577
1753619493.712,799,1578
1753619493.712,799,1579
1753619493.728,799,1580
1753619493.745,799,1581
1753619493.759,799,1583
1753619493.78,799,1584
1753619493.791,799,1585
1753619493.839,799,1586
1753619493.839,798,1589
1753619493.854,798,1591
1753619493.858,798,1592
1753619493.861,796,1592
1753619493.881,796,1593
1753619493.886,796,1594
1753619493.887,796,1595
1753619493.902,796,1596
1753619493.902,796,1597
1753619493.918,796,1598
1753619493.948,796,1600
1753619493.964,796,1601
1753619493.979,796,1602
1753619493.979,796,1603
1753619493.995,796,1604
1753619494.011,796,1605
1753619494.011,795,1605
1753619494.026,795,1606
1753619494.026,795,1608
1753619494.043,795,1609
1753619494.065,795,1610
1753619494.065,795,1611
1753619494.11,795,1612
1753619494.11,795,1613
1753619494.121,795,1614
1753619494.138,795,1616
1753619494.153,795,1617
1753619494.153,794,1617
1753619494.168,794,1618
1753619494.184,794,1619
1753619494.184,794,1620
1753619494.199,794,1621
1753619494.216,794,1622
1753619494.216,794,1622
1753619494.247,794,1624
1753619494.278,794,1625
1753619494.294,794,1626
1753619494.31,794,1627
1753619494.325,795,1627
1753619494.357,795,1628
1753619494.366,795,1629
1753619494.389,797,1630
1753619494.404,798,1630
1753619494.404,798,1631
1753619494.436,799,1633
1753619494.436,800,1633
1753619494.465,800,1634
1753619494.469,801,1634
1753619494.484,802,1634
1753619494.498,803,1635
1753619494.53,804,1635
1753619494.548,804,1636
1753619494.562,806,1636
1753619494.609,807,1636
1753619494.673,808,1636
1753619494.702,809,1636
1753619494.731,810,1636
1753619494.751,811,1636
1753619494.819,812,1636
1753619494.846,814,1636
1753619494.861,814,1636
1753619494.861,815,1636
1753619494.877,816,1636
1753619494.908,817,1636
1753619494.955,818,1636
1753619494.955,819,1636
1753619494.971,820,1636
1753619494.971,822,1636
1753619494.986,823,1636
1753619495.033,824,1636
1753619495.036,825,1636
1753619495.049,826,1636
1753619495.049,827,1636
1753619495.067,828,1636
1753619495.08,830,1636
1753619495.08,830,1636
1753619495.096,831,1636
1753619495.112,832,1636
1753619495.112,833,1636
1753619495.143,834,1636
1753619495.143,834,1635
1753619495.159,835,1635
1753619495.174,836,1635
1753619495.19,836,1634
1753619495.19,837,1634
1753619495.206,839,1634
1753619495.221,839,1632
1753619495.232,840,1632
1753619495.237,841,1632
1753619495.252,842,1632
1753619495.268,843,1631
1753619495.284,844,1631
1753619495.284,845,1631
1753619495.299,845,1630
1753619495.315,847,1630
1753619495.315,847,1629
1753619495.331,848,1629
1753619495.331,848,1628
1753619495.346,849,1628
1753619495.362,850,1627
1753619495.362,851,1627
1753619495.362,852,1626
1753619495.393,853,1625
1753619495.393,855,1625
1753619495.409,855,1623
1753619495.424,855,1622
1753619495.44,856,1621
1753619495.456,857,1621
1753619495.471,858,1620
1753619495.471,858,1619
1753619495.487,859,1619
1753619495.502,859,1618
1753619495.502,860,1618
1753619495.518,860,1617
1753619495.518,861,1615
1753619495.549,861,1614
1753619495.549,863,1613
1753619495.565,863,1612
1753619495.581,864,1612
1753619495.581,864,1611
1753619495.581,865,1611
1753619495.596,865,1610
1753619495.596,866,1609
1753619495.612,866,1607
1753619495.628,867,1607
1753619495.628,868,1606
1753619495.643,869,1605
1753619495.643,870,1605
1753619495.659,870,1604
1753619495.659,872,1603
1753619495.674,873,1602
1753619495.69,874,1601
1753619495.69,874,1599
1753619495.705,875,1598
1753619495.705,876,1596
1753619495.721,877,1595
1753619495.737,879,1594
1753619495.737,879,1592
1753619495.752,880,1591
1753619495.752,880,1590
1753619495.768,881,1590
1753619495.768,881,1589
1753619495.784,882,1589
1753619495.784,882,1588
1753619495.799,882,1587
1753619495.815,883,1586
1753619495.83,884,1584
1753619495.833,884,1583
1753619495.846,885,1582
1753619495.862,887,1581
1753619495.862,887,1580
1753619495.862,887,1579
1753619495.878,888,1578
1753619495.878,889,1577
1753619495.893,890,1575
1753619495.893,890,1574
1753619495.909,890,1573
1753619495.909,891,1573
1753619495.909,891,1572
1753619495.924,892,1571
1753619495.94,893,1571
1753619495.94,893,1570
1753619495.94,894,1569
1753619495.956,894,1567
1753619495.956,896,1566
1753619495.971,897,1565
1753619495.971,897,1564
1753619495.971,898,1564
1753619495.987,898,1563
1753619495.987,899,1562
1753619496.018,900,1562
1753619496.018,900,1561
1753619496.034,901,1561
1753619496.034,903,1558
1753619496.034,904,1557
1753619496.05,905,1556
1753619496.05,906,1555
1753619496.065,906,1554
1753619496.065,907,1552
1753619496.081,908,1551
1753619496.097,909,1550
1753619496.097,909,1549
1753619496.097,909,1548
1753619496.112,911,1548
1753619496.128,912,1548
1753619496.143,912,1547
1753619496.143,913,1547
1753619496.143,913,1546
1753619496.159,914,1544
1753619496.175,915,1542
1753619496.19,916,1541
1753619496.206,917,1541
1753619496.223,919,1540
1753619496.223,919,1539
1753619496.248,920,1537
1753619496.253,921,1537
1753619496.253,922,1537
1753619496.269,922,1536
1753619496.285,923,1535
1753619496.3,924,1535
1753619496.3,926,1533
1753619496.317,927,1531
1753619496.319,927,1530
1753619496.319,928,1529
1753619496.332,929,1528
1753619496.332,930,1528
1753619496.349,931,1527
1753619496.349,932,1524
1753619496.367,935,1523
1753619496.38,935,1522
1753619496.386,936,1522
1753619496.391,937,1522
1753619496.396,939,1522
1753619496.413,940,1521
1753619496.413,941,1521
1753619496.432,942,1520
1753619496.432,943,1518
1753619496.443,944,1518
1753619496.459,945,1518
1753619496.459,947,1517
1753619496.459,948,1517
1753619496.475,949,1516
1753619496.485,950,1516
1753619496.491,951,1515
1753619496.492,952,1515
1753619496.492,953,1515
1753619496.507,955,1515
1753619496.52,956,1515
1753619496.522,957,1515
1753619496.522,958,1515
1753619496.538,959,1514
1753619496.538,960,1514
1753619496.554,961,1514
1753619496.585,963,1513
1753619496.585,964,1513
1753619496.601,965,1513
1753619496.632,966,1513
1753619496.66,966,1513
1753619496.663,967,1513
1753619496.665,967,1514
1753619496.681,968,1514
1753619496.696,969,1514
1753619496.696,970,1514
1753619496.724,972,1514
1753619496.728,972,1515
1753619496.728,973,1515
1753619496.743,974,1515
1753619496.765,974,1516
1753619496.774,975,1516
1753619496.774,976,1517
1753619496.79,977,1519
1753619496.8,978,1520
1753619496.807,980,1521
1753619496.807,981,1521
1753619496.821,982,1522
1753619496.822,983,1523
1753619496.837,984,1523
1753619496.853,985,1523
1753619496.853,986,1523
1753619496.884,986,1524
1753619496.884,988,1524
1753619496.9,988,1525
1753619496.9,989,1525
1753619496.916,989,1527
1753619497.01,990,1527
1753619497.076,990,1526
1753619497.124,990,1525
1753619497.13,989,1525
1753619497.137,989,1524
1753619497.146,987,1524
1753619497.148,986,1524
1753619497.154,985,1524
1753619497.154,984,1524
1753619497.168,983,1524
1753619497.168,982,1524
1753619497.184,981,1524
1753619497.184,979,1524
1753619497.199,978,1524
1753619497.216,977,1523
1753619497.229,976,1523
1753619497.233,975,1523
1753619497.262,974,1523
1753619497.262,973,1523
1753619497.277,971,1523
1753619497.294,970,1523
1753619497.294,969,1523
1753619497.294,968,1523
1753619497.309,967,1523
1753619497.325,966,1522
1753619497.34,965,1522
1753619497.371,964,1522
1753619497.371,964,1521
1753619497.371,962,1521
1753619497.387,961,1521
1753619497.418,960,1521
1753619497.418,959,1521
1753619497.434,958,1521
1753619497.45,957,1521
1753619497.465,956,1521
1753619497.496,954,1521
1753619497.512,954,1521
1753619497.512,953,1521
1753619497.528,952,1521
1753619497.55,951,1521
1753619497.577,950,1521
1753619497.591,949,1521
1753619497.591,949,1522
1753619497.606,948,1522
1753619497.622,946,1522
1753619497.622,945,1522
1753619497.622,945,1523
1753619497.653,945,1524
1753619497.669,944,1524
1753619497.669,943,1524
1753619497.669,943,1525
1753619497.684,943,1527
1753619497.701,942,1527
1753619497.701,941,1527
1753619497.701,940,1528
1753619497.701,940,1529
1753619497.716,938,1530
1753619497.733,937,1530
1753619497.733,936,1531
1753619497.733,935,1532
1753619497.747,934,1533
1753619497.747,933,1533
1753619497.765,933,1535
1753619497.777,932,1536
1753619497.778,929,1537
1753619497.786,928,1537
1753619497.786,927,1538
1753619497.797,926,1539
1753619497.803,925,1540
1753619497.81,923,1541
1753619497.81,922,1543
1753619497.825,920,1544
1753619497.826,918,1547
1753619497.841,917,1547
1753619497.841,917,1549
1753619497.856,915,1550
1753619497.856,913,1550
1753619497.872,913,1552
1753619497.872,912,1553
1753619497.888,911,1554
1753619497.888,910,1554
1753619497.888,910,1555
1753619497.903,910,1556
1753619497.919,909,1556
1753619497.935,909,1557
1753619497.935,908,1557
1753619497.935,907,1558
1753619497.95,907,1559
1753619497.95,905,1561
1753619497.966,904,1562
1753619497.966,903,1563
1753619497.981,903,1564
1753619497.981,902,1565
1753619497.981,901,1566
1753619497.997,901,1567
1753619498.013,900,1569
1753619498.013,900,1570
1753619498.013,899,1570
1753619498.028,898,1571
1753619498.028,898,1572
1753619498.028,898,1573
1753619498.044,898,1574
1753619498.044,896,1575
1753619498.059,896,1577
1753619498.059,895,1578
1753619498.075,895,1579
1753619498.075,895,1580
1753619498.091,895,1581
1753619498.091,895,1582
1753619498.091,894,1582
1753619498.106,894,1583
1753619498.122,894,1585
1753619498.153,894,1586
1753619498.172,894,1587
1753619498.185,894,1588
1753619498.201,894,1589
1753619498.216,894,1590
1753619498.216,894,1591
1753619498.216,894,1594
1753619498.232,894,1595
1753619498.247,894,1596
1753619498.247,894,1597
1753619498.247,894,1598
1753619498.263,894,1599
1753619498.279,894,1601
1753619498.279,894,1602
1753619498.294,894,1603
1753619498.31,894,1604
1753619498.31,894,1605
1753619498.326,894,1606
1753619498.326,894,1607
1753619498.341,894,1609
1753619498.357,894,1610
1753619498.357,894,1611
1753619498.372,894,1612
1753619498.384,894,1613
1753619498.388,894,1614
1753619498.404,895,1614
1753619498.419,897,1615
1753619498.435,897,1617
1753619498.451,898,1618
1753619498.467,899,1619
1753619498.482,900,1619
1753619498.509,900,1620
1753619498.515,901,1620
1753619498.529,901,1621
1753619498.541,902,1622
1753619498.544,902,1623
1753619498.56,903,1624
1753619498.56,904,1626
1753619498.575,904,1627
1753619498.575,906,1627
1753619498.591,906,1628
1753619498.592,907,1628
1753619498.617,907,1629
1753619498.622,908,1629
1753619498.622,908,1630
1753619498.638,909,1631
1753619498.638,909,1632
1753619498.654,910,1632
1753619498.667,911,1634
1753619498.67,912,1634
1753619498.696,914,1635
1753619498.698,914,1636
1753619498.709,915,1636
1753619498.717,916,1637
1753619498.744,917,1637
1753619498.75,917,1638
1753619498.764,918,1638
1753619498.78,919,1639
1753619498.812,920,1639
1753619498.828,922,1639
1753619498.844,923,1639
1753619498.859,924,1639
1753619498.859,925,1639
1753619498.89,926,1639
1753619498.9,927,1639
1753619498.912,928,1639
1753619498.922,930,1639
1753619498.922,931,1639
1753619498.922,932,1639
1753619498.953,933,1639
1753619498.953,934,1639
1753619498.969,935,1639
1753619499.0,936,1639
1753619499.016,937,1639
1753619499.032,939,1639
1753619499.032,939,1639
1753619499.047,940,1639
1753619499.063,941,1639
1753619499.082,942,1639
1753619499.082,943,1639
1753619499.082,943,1638
1753619499.094,944,1638
1753619499.11,945,1638
1753619499.125,947,1638
1753619499.133,947,1637
1753619499.141,948,1637
1753619499.172,949,1636
1753619499.172,949,1635
1753619499.188,950,1635
1753619499.204,951,1635
1753619499.204,952,1635
1753619499.219,953,1633
1753619499.235,953,1632
1753619499.235,955,1632
1753619499.252,955,1631
1753619499.283,956,1631
1753619499.292,956,1630
1753619499.299,957,1630
1753619499.299,957,1629
1753619499.316,958,1629
1753619499.316,959,1628
1753619499.33,960,1627
1753619499.347,961,1625
1753619499.362,963,1625
1753619499.366,963,1624
1753619499.366,964,1624
1753619499.393,965,1623
1753619499.409,965,1622
1753619499.409,966,1622
1753619499.424,966,1621
1753619499.44,967,1621
1753619499.44,968,1621
1753619499.455,969,1621
1753619499.471,969,1620
1753619499.518,969,1619
1753619499.534,970,1618
1753619499.55,972,1616
1753619499.566,973,1615
1753619499.572,974,1615
1753619499.572,974,1614
1753619499.581,975,1614
1753619499.581,975,1613
1753619499.609,976,1613
1753619499.609,977,1612
1753619499.616,977,1611
1753619499.616,978,1610
1753619499.629,980,1610
1753619499.633,980,1608
1753619499.649,981,1607
1753619499.708,981,1606
1753619499.724,982,1605
1753619499.74,982,1604
1753619499.756,982,1603
1753619499.783,982,1602
1753619499.803,983,1600
1753619499.803,983,1599
1753619499.819,984,1599
1753619499.851,984,1598
1753619499.861,985,1597
1753619499.866,985,1596
1753619499.882,985,1595
1753619499.882,986,1594
1753619499.904,986,1592
1753619499.93,986,1591
1753619499.945,988,1591
1753619499.96,988,1590
1753619499.991,988,1589
1753619500.007,988,1588
1753619500.007,988,1587
1753619500.023,989,1586
1753619500.023,989,1585
1753619500.038,990,1583
1753619500.038,991,1582
1753619500.038,991,1580
1753619500.054,991,1579
1753619500.07,991,1578
1753619500.085,992,1576
1753619500.085,992,1575
1753619500.085,993,1574
1753619500.101,994,1573
1753619500.116,994,1572
1753619500.116,996,1572
1753619500.116,996,1571
1753619500.148,996,1570
1753619500.164,996,1568
1753619500.164,996,1567
1753619500.179,997,1566
1753619500.179,997,1565
1753619500.195,998,1564
1753619500.211,998,1563
1753619500.211,998,1560
1753619500.226,999,1558
1753619500.226,1000,1556
1753619500.242,1002,1554
1753619500.242,1002,1553
1753619500.257,1002,1552
1753619500.257,1003,1552
1753619500.275,1004,1551
1753619500.28,1004,1549
1753619500.289,1004,1548
1753619500.336,1004,1547
1753619500.367,1004,1547
1753619500.383,1004,1546
1753619500.398,1003,1546
1753619500.414,1003,1545
1753619500.461,1001,1544
1753619500.477,1000,1544
1753619500.492,1000,1543
1753619500.534,999,1543
1753619500.54,999,1541
1753619500.555,999,1542
1753619500.57,999,1541
1753619500.571,998,1540
1753619500.633,998,1539
1753619500.633,997,1538
1753619500.696,997,1537
1753619500.712,997,1536
1753619500.712,997,1535
1753619500.724,996,1535
1753619500.743,996,1533
1753619500.743,995,1533
1753619500.759,995,1534
1753619500.759,995,1533
1753619500.79,993,1532
1753619500.808,993,1531
1753619500.838,992,1531
1753619500.856,992,1530
1753619500.872,992,1529
1753619500.884,991,1529
1753619500.9,991,1528
1753619500.921,990,1528
1753619500.931,990,1527
1753619500.948,989,1526
1753619500.963,989,1524
1753619501.01,988,1524
1753619501.032,988,1523
1753619501.032,987,1522
1753619501.073,987,1521
1753619501.092,985,1521
1753619501.104,985,1520
1753619501.136,985,1519
1753619501.167,984,1519
1753619501.183,983,1519
1753619501.183,983,1518
1753619501.199,983,1518
1753619501.23,983,1518
1753619501.23,982,1518
1753619501.246,982,1516
1753619501.261,981,1516
1753619501.267,981,1517
1753619501.277,981,1518
1753619501.387,981,1519
1753619501.434,981,1519
1753619501.45,981,1519
1753619501.499,981,1519
1753619501.544,981,1519
1753619501.544,981,1519
1753619501.607,981,1519
