RESOLUTION:3120,2080
1753621478.206,1816,889
1753621478.364,1816,888
1753621478.38,1816,888
1753621478.412,1815,887
1753621478.428,1815,886
1753621478.453,1814,886
1753621478.479,1813,886
1753621478.537,1813,885
1753621478.571,1811,885
1753621478.586,1810,885
1753621478.618,1809,885
1753621478.697,1809,884
1753621478.713,1808,884
1753621478.763,1807,883
1753621478.775,1806,883
1753621478.807,1806,882
1753621478.838,1805,882
1753621478.854,1805,880
1753621478.869,1803,880
1753621478.916,1802,880
1753621478.916,1802,879
1753621478.947,1801,879
1753621478.963,1800,879
1753621478.994,1799,879
1753621478.994,1799,878
1753621479.025,1798,878
1753621479.041,1797,878
1753621479.057,1797,877
1753621479.088,1795,877
1753621479.103,1794,877
1753621479.103,1794,876
1753621479.119,1793,876
1753621479.135,1792,876
1753621479.135,1792,875
1753621479.15,1791,875
1753621479.15,1790,875
1753621479.166,1790,874
1753621479.182,1789,874
1753621479.182,1788,873
1753621479.213,1786,873
1753621479.228,1785,873
1753621479.228,1784,873
1753621479.251,1783,871
1753621479.277,1782,871
1753621479.277,1781,870
1753621479.291,1780,870
1753621479.323,1778,870
1753621479.386,1777,870
1753621479.386,1777,869
1753621479.402,1776,869
1753621479.402,1775,869
1753621479.433,1774,869
1753621479.433,1774,868
1753621479.449,1773,868
1753621479.476,1772,868
1753621479.496,1770,868
1753621479.522,1769,867
1753621479.543,1768,867
1753621479.59,1767,867
1753621479.653,1766,867
1753621479.654,1766,866
1753621479.674,1765,866
1753621479.674,1764,866
1753621479.681,1762,866
1753621479.684,1762,865
1753621479.7,1761,865
1753621479.715,1760,863
1753621479.731,1759,863
1753621479.762,1758,863
1753621479.793,1757,862
1753621479.793,1756,862
1753621479.793,1755,862
1753621479.809,1753,862
1753621479.824,1752,862
1753621479.856,1751,862
1753621479.875,1750,861
1753621479.875,1749,861
1753621479.887,1748,861
1753621479.918,1747,861
1753621479.934,1745,860
1753621479.95,1744,860
1753621479.965,1743,860
1753621479.981,1742,860
1753621479.997,1741,860
1753621480.012,1740,859
1753621480.059,1739,858
1753621480.059,1737,858
1753621480.09,1736,857
1753621480.106,1735,857
1753621480.121,1733,857
1753621480.121,1732,855
1753621480.137,1730,855
1753621480.137,1728,855
1753621480.137,1725,854
1753621480.153,1723,854
1753621480.173,1722,854
1753621480.174,1719,854
1753621480.178,1718,854
1753621480.184,1717,854
1753621480.19,1716,854
1753621480.2,1716,853
1753621480.207,1715,853
1753621480.207,1714,853
1753621480.222,1712,853
1753621480.233,1711,853
1753621480.243,1710,852
1753621480.249,1709,852
1753621480.257,1708,852
1753621480.263,1707,852
1753621480.263,1706,852
1753621480.279,1704,852
1753621480.279,1703,852
1753621480.295,1702,852
1753621480.295,1702,851
1753621480.31,1701,851
1753621480.31,1700,851
1753621480.326,1699,851
1753621480.342,1698,851
1753621480.342,1696,851
1753621480.373,1695,851
1753621480.373,1694,851
1753621480.39,1693,851
1753621480.395,1692,851
1753621480.395,1692,850
1753621480.405,1691,850
1753621480.421,1690,850
1753621480.439,1688,850
1753621480.452,1687,850
1753621480.457,1686,850
1753621480.469,1685,850
1753621480.484,1684,850
1753621480.499,1683,850
1753621480.515,1682,850
1753621480.531,1681,850
1753621480.531,1679,850
1753621480.548,1678,850
1753621480.548,1678,848
1753621480.562,1677,848
1753621480.578,1676,848
1753621480.578,1675,848
1753621480.594,1674,848
1753621480.594,1673,848
1753621480.614,1671,848
1753621480.626,1670,848
1753621480.626,1669,848
1753621480.643,1668,848
1753621480.658,1667,848
1753621480.658,1666,848
1753621480.671,1665,848
1753621480.677,1662,848
1753621480.677,1661,847
1753621480.689,1659,847
1753621480.689,1657,847
1753621480.706,1655,847
1753621480.708,1654,847
1753621480.708,1652,847
1753621480.721,1650,847
1753621480.737,1649,847
1753621480.737,1648,847
1753621480.737,1647,847
1753621480.753,1646,847
1753621480.768,1645,847
1753621480.773,1644,847
1753621480.784,1642,847
1753621480.784,1641,847
1753621480.8,1640,847
1753621480.815,1639,847
1753621480.838,1638,847
1753621480.863,1637,847
1753621480.879,1636,847
1753621480.888,1634,847
1753621480.896,1633,847
1753621480.91,1632,847
1753621480.926,1630,847
1753621480.927,1629,847
1753621480.942,1628,847
1753621480.973,1626,847
1753621480.993,1625,847
1753621480.993,1624,847
1753621481.005,1623,847
1753621481.02,1621,847
1753621481.02,1620,847
1753621481.043,1618,847
1753621481.052,1617,847
1753621481.052,1616,847
1753621481.067,1616,847
1753621481.067,1615,847
1753621481.099,1614,847
1753621481.099,1613,847
1753621481.115,1610,847
1753621481.13,1609,847
1753621481.13,1608,847
1753621481.146,1606,847
1753621481.146,1604,847
1753621481.162,1603,847
1753621481.177,1602,847
1753621481.177,1602,849
1753621481.193,1601,849
1753621481.215,1600,849
1753621481.225,1599,849
1753621481.225,1598,849
1753621481.256,1596,849
1753621481.256,1595,849
1753621481.272,1594,849
1753621481.303,1593,849
1753621481.305,1592,849
1753621481.305,1591,849
1753621481.305,1590,849
1753621481.319,1587,849
1753621481.335,1585,849
1753621481.335,1584,849
1753621481.351,1582,849
1753621481.352,1581,849
1753621481.352,1580,849
1753621481.366,1578,849
1753621481.382,1575,849
1753621481.382,1574,849
1753621481.398,1573,849
1753621481.398,1572,849
1753621481.415,1571,849
1753621481.415,1569,850
1753621481.415,1568,850
1753621481.429,1567,850
1753621481.429,1566,850
1753621481.445,1565,850
1753621481.445,1562,850
1753621481.461,1561,850
1753621481.461,1560,850
1753621481.476,1558,850
1753621481.476,1555,850
1753621481.492,1554,850
1753621481.507,1552,851
1753621481.509,1550,851
1753621481.509,1549,851
1753621481.509,1548,851
1753621481.523,1547,851
1753621481.523,1546,851
1753621481.539,1545,852
1753621481.556,1544,852
1753621481.572,1542,852
1753621481.602,1541,853
1753621481.602,1540,853
1753621481.617,1539,853
1753621481.617,1538,853
1753621481.633,1537,853
1753621481.633,1536,854
1753621481.647,1535,854
1753621481.649,1533,854
1753621481.675,1532,855
1753621481.68,1531,855
1753621481.68,1530,855
1753621481.697,1529,855
1753621481.712,1528,855
1753621481.728,1527,855
1753621481.743,1525,857
1753621481.759,1524,857
1753621481.775,1523,857
1753621481.79,1522,857
1753621481.806,1522,858
1753621481.806,1521,858
1753621481.837,1520,858
1753621481.932,1519,858
1753621481.932,1517,859
1753621481.947,1516,859
1753621481.947,1515,860
1753621481.947,1513,860
1753621481.963,1512,861
1753621481.963,1510,861
1753621481.983,1509,862
1753621481.986,1508,862
1753621481.995,1507,862
1753621482.012,1506,862
1753621482.073,1505,862
1753621482.152,1504,863
1753621482.284,1504,865
1753621483.096,1504,864
1753621483.115,1504,863
1753621483.127,1504,862
1753621483.127,1503,862
1753621483.14,1503,861
1753621483.171,1503,860
1753621483.171,1501,860
1753621483.171,1501,859
1753621483.208,1501,858
1753621483.234,1500,856
1753621483.265,1500,855
1753621483.265,1499,854
1753621483.282,1499,853
1753621483.296,1498,852
1753621483.312,1497,852
1753621483.328,1497,851
1753621483.36,1496,850
1753621483.374,1495,850
1753621483.378,1495,849
1753621483.391,1493,849
1753621483.407,1493,847
1753621483.423,1492,847
1753621483.436,1491,846
1753621483.454,1490,845
1753621483.469,1489,844
1753621483.5,1488,843
1753621483.543,1487,842
1753621483.551,1485,841
1753621483.579,1484,841
1753621483.594,1484,839
1753621483.611,1483,838
1753621483.611,1482,838
1753621483.626,1481,838
1753621483.626,1481,837
1753621483.658,1480,837
1753621483.668,1480,836
1753621483.674,1479,836
1753621483.704,1477,835
1753621483.706,1476,834
1753621483.737,1475,834
1753621483.752,1475,833
1753621483.784,1474,831
1753621483.801,1473,830
1753621483.815,1472,830
1753621483.815,1472,829
1753621483.831,1472,828
1753621483.846,1471,827
1753621483.875,1470,827
1753621483.894,1468,826
1753621483.911,1468,825
1753621483.926,1467,825
1753621483.941,1467,823
1753621483.941,1466,822
1753621483.941,1465,822
1753621483.957,1465,821
1753621483.973,1464,821
1753621483.988,1464,820
1753621483.988,1463,820
1753621483.988,1463,819
1753621484.019,1462,818
1753621484.051,1460,818
1753621484.066,1459,818
1753621484.066,1459,817
1753621484.082,1458,817
1753621484.082,1458,816
1753621484.098,1457,816
1753621484.113,1456,816
1753621484.113,1456,814
1753621484.129,1455,814
1753621484.144,1454,813
1753621484.176,1452,812
1753621484.191,1451,812
1753621484.207,1450,812
1753621484.207,1450,811
1753621484.223,1449,811
1753621484.238,1448,811
1753621484.238,1447,811
1753621484.254,1447,810
1753621484.254,1446,810
1753621484.269,1444,810
1753621484.285,1444,809
1753621484.285,1443,809
1753621484.332,1442,809
1753621484.332,1441,809
1753621484.347,1440,809
1753621484.363,1439,809
1753621484.363,1438,809
1753621484.379,1438,808
1753621484.379,1437,808
1753621484.394,1435,808
1753621484.41,1434,808
1753621484.41,1434,806
1753621484.426,1433,806
1753621484.426,1432,806
1753621484.457,1431,806
1753621484.504,1430,806
1753621484.504,1429,806
1753621484.535,1427,806
1753621484.551,1427,805
1753621484.551,1426,805
1753621484.566,1425,805
1753621484.582,1424,805
1753621484.629,1423,805
1753621484.634,1422,804
1753621484.659,1421,804
1753621484.662,1419,804
1753621484.662,1418,803
1753621484.681,1417,803
1753621484.715,1416,803
1753621484.725,1415,803
1753621484.742,1414,803
1753621484.756,1413,803
1753621484.772,1411,802
1753621484.787,1410,802
1753621484.803,1409,802
1753621484.819,1408,802
1753621484.834,1407,802
1753621484.85,1406,802
1753621484.865,1405,802
1753621484.897,1404,802
1753621484.946,1402,802
1753621484.96,1401,802
1753621484.991,1400,802
1753621485.007,1400,801
1753621485.011,1399,801
1753621485.038,1398,801
1753621485.038,1397,801
1753621485.054,1396,801
1753621485.101,1394,801
1753621485.117,1393,800
1753621485.127,1392,800
1753621485.149,1391,800
1753621485.164,1390,800
1753621485.258,1389,800
1753621485.258,1388,800
1753621485.277,1386,800
1753621485.29,1385,800
1753621485.307,1384,800
1753621485.353,1383,800
1753621485.395,1382,800
1753621485.464,1381,800
1753621485.525,1381,800
1753621485.557,1380,800
1753621485.622,1380,801
1753621485.732,1378,801
1753621485.777,1377,801
1753621485.903,1377,802
1753621485.934,1377,802
1753621485.965,1379,802
1753621486.013,1379,803
1753621486.046,1380,804
1753621486.068,1381,804
1753621486.076,1381,805
1753621486.085,1382,805
1753621486.108,1382,807
1753621486.124,1382,808
1753621486.139,1383,808
1753621486.17,1383,809
1753621486.202,1384,810
1753621486.25,1384,811
1753621486.25,1385,811
1753621486.28,1385,812
1753621486.328,1385,813
1753621486.345,1387,813
1753621486.391,1387,815
1753621486.422,1387,816
1753621486.422,1388,816
1753621486.438,1388,817
1753621486.5,1389,818
1753621486.532,1389,819
1753621486.563,1389,820
1753621486.61,1390,821
1753621486.641,1390,822
1753621486.641,1390,824
1753621486.673,1391,825
1753621486.673,1391,826
1753621486.688,1391,827
1753621486.688,1392,827
1753621486.704,1392,828
1753621486.72,1393,829
1753621486.751,1393,830
1753621486.767,1395,830
1753621486.782,1395,832
1753621486.798,1395,833
1753621486.829,1396,833
1753621486.829,1396,834
1753621486.893,1397,835
1753621486.923,1397,836
1753621486.939,1398,837
1753621486.955,1398,838
1753621486.955,1398,840
1753621486.97,1398,841
1753621486.986,1399,842
1753621487.033,1399,843
1753621487.064,1399,844
1753621487.08,1399,845
1753621487.08,1399,846
1753621487.08,1400,846
1753621487.111,1400,848
1753621487.126,1400,849
1753621487.142,1400,850
1753621487.158,1400,851
1753621487.189,1400,852
1753621487.205,1401,852
1753621487.205,1401,853
1753621487.22,1401,854
1753621487.236,1401,855
1753621487.267,1403,857
1753621487.283,1403,858
1753621487.298,1404,858
1753621487.314,1404,859
1753621487.33,1404,860
1753621487.345,1405,860
1753621487.361,1405,861
1753621487.363,1405,862
1753621487.377,1405,863
1753621487.409,1405,865
1753621487.424,1406,865
1753621487.439,1406,866
1753621487.456,1406,867
1753621487.471,1406,868
1753621487.488,1406,869
1753621487.517,1406,870
1753621487.536,1406,871
1753621487.54,1406,873
1753621487.566,1406,874
1753621487.597,1406,875
1753621487.613,1406,876
1753621487.659,1406,877
1753621487.69,1406,878
1753621487.711,1406,879
1753621487.725,1406,881
1753621487.769,1406,882
1753621487.77,1406,883
1753621487.801,1406,884
1753621487.817,1406,885
1753621487.832,1406,886
1753621487.848,1406,887
1753621487.848,1406,888
1753621487.864,1406,890
1753621487.879,1406,891
1753621487.895,1406,892
1753621487.91,1406,892
1753621487.942,1406,893
1753621487.99,1406,894
1753621488.021,1406,895
1753621488.036,1406,896
1753621488.224,1406,898
1753621488.333,1405,898
1753621488.474,1404,898
1753621488.49,1404,899
1753621488.505,1402,899
1753621488.537,1401,899
1753621488.599,1401,900
1753621488.61,1400,900
1753621488.626,1400,901
1753621488.631,1399,901
1753621488.756,1398,901
1753621488.779,1398,902
1753621488.821,1397,902
1753621488.898,1396,902
1753621488.929,1394,902
1753621488.929,1393,903
1753621488.961,1392,903
1753621488.961,1392,904
1753621488.976,1391,904
1753621488.992,1390,904
1753621489.007,1390,906
1753621489.039,1389,906
1753621489.086,1388,906
1753621489.101,1386,906
1753621489.117,1385,907
1753621489.148,1384,907
1753621489.148,1384,908
1753621489.164,1383,908
1753621489.187,1382,908
1753621489.211,1381,908
1753621489.227,1380,909
1753621489.242,1378,909
1753621489.242,1378,910
1753621489.258,1377,910
1753621489.274,1376,910
1753621489.289,1375,911
1753621489.32,1374,911
1753621489.352,1373,911
1753621489.367,1372,912
1753621489.383,1371,912
1753621489.414,1369,912
1753621489.414,1369,914
1753621489.43,1368,914
1753621489.446,1367,914
1753621489.461,1366,915
1753621489.461,1365,915
1753621489.493,1364,915
1753621489.523,1363,915
1753621489.539,1361,915
1753621489.555,1361,916
1753621489.564,1360,916
1753621489.571,1360,917
1753621489.587,1359,917
1753621489.603,1358,917
1753621489.634,1357,917
1753621489.634,1357,918
1753621489.65,1356,918
1753621489.664,1355,918
1753621489.666,1353,918
1753621489.681,1353,919
1753621489.696,1352,919
1753621489.696,1352,920
1753621489.712,1351,920
1753621489.741,1350,921
1753621489.745,1349,921
1753621489.76,1348,921
1753621489.776,1348,923
1753621489.808,1347,923
1753621489.822,1346,923
1753621489.838,1346,924
1753621489.854,1344,924
1753621489.9,1344,925
1753621489.9,1343,925
1753621489.916,1342,925
1753621489.916,1342,926
1753621489.932,1341,926
1753621489.947,1341,927
1753621489.979,1340,927
1753621489.994,1339,928
1753621490.01,1338,928
1753621490.025,1338,929
1753621490.057,1336,929
1753621490.072,1336,931
1753621490.088,1335,931
1753621490.135,1334,931
1753621490.15,1334,932
1753621490.155,1333,932
1753621490.183,1332,933
1753621490.214,1331,934
1753621490.214,1330,934
1753621490.229,1328,934
1753621490.229,1328,935
1753621490.246,1327,936
1753621490.246,1326,936
1753621490.261,1325,937
1753621490.261,1324,937
1753621490.261,1323,939
1753621490.277,1322,940
1753621490.277,1320,940
1753621490.292,1319,941
1753621490.292,1319,942
1753621490.308,1318,943
1753621490.308,1317,943
1753621490.324,1316,944
1753621490.324,1315,944
1753621490.339,1314,945
1753621490.339,1313,947
1753621490.355,1311,947
1753621490.373,1310,948
1753621490.386,1310,949
1753621490.403,1309,949
1753621490.43,1309,950
1753621490.449,1308,950
1753621490.466,1308,951
1753621490.48,1307,951
1753621490.48,1307,952
1753621490.495,1307,953
1753621490.511,1306,953
1753621490.542,1305,953
1753621490.542,1305,954
1753621490.574,1303,954
1753621490.589,1303,956
1753621490.589,1302,956
1753621490.62,1301,957
1753621490.62,1300,957
1753621490.63,1300,958
1753621490.636,1299,959
1753621490.652,1298,959
1753621490.652,1298,960
1753621490.667,1297,960
1753621490.683,1297,961
1753621490.714,1295,962
1753621490.745,1294,962
1753621490.745,1294,964
1753621490.761,1294,965
1753621490.761,1293,965
1753621490.776,1293,966
1753621490.792,1292,966
1753621490.792,1291,966
1753621490.808,1291,967
1753621490.824,1290,967
1753621490.839,1290,968
1753621490.839,1289,969
1753621490.861,1287,969
1753621490.871,1287,970
1753621490.871,1286,970
1753621490.887,1286,972
1753621490.887,1285,972
1753621490.902,1284,973
1753621490.918,1284,974
1753621490.934,1283,975
1753621490.95,1282,975
1753621490.95,1282,976
1753621490.95,1281,976
1753621490.966,1281,977
1753621490.982,1281,978
1753621490.997,1280,978
1753621490.999,1278,978
1753621491.012,1278,979
1753621491.033,1278,981
1753621491.033,1277,981
1753621491.045,1277,982
1753621491.061,1276,982
1753621491.062,1276,983
1753621491.077,1275,983
1753621491.079,1275,984
1753621491.108,1274,985
1753621491.108,1273,985
1753621491.124,1273,986
1753621491.139,1272,987
1753621491.155,1270,989
1753621491.187,1270,990
1753621491.187,1269,990
1753621491.187,1269,991
1753621491.203,1268,991
1753621491.234,1268,992
1753621491.25,1267,993
1753621491.265,1266,994
1753621491.289,1265,995
1753621491.314,1265,997
1753621491.314,1264,997
1753621491.314,1264,998
1753621491.328,1262,999
1753621491.344,1262,1000
1753621491.36,1261,1001
1753621491.36,1260,1002
1753621491.379,1259,1003
1753621491.402,1259,1005
1753621491.407,1258,1005
1753621491.413,1258,1006
1753621491.439,1257,1007
1753621491.439,1256,1007
1753621491.449,1256,1008
1753621491.455,1256,1009
1753621491.467,1254,1010
1753621491.472,1253,1011
1753621491.487,1252,1012
1753621491.487,1252,1014
1753621491.502,1251,1014
1753621491.502,1251,1015
1753621491.502,1250,1016
1753621491.523,1250,1017
1753621491.535,1249,1018
1753621491.551,1249,1019
1753621491.551,1248,1019
1753621491.566,1248,1020
1753621491.597,1248,1022
1753621491.613,1247,1022
1753621491.631,1247,1023
1753621491.647,1245,1023
1753621491.66,1245,1024
1753621491.693,1245,1025
1753621491.707,1244,1025
1753621491.723,1244,1026
1753621491.754,1243,1026
1753621491.769,1243,1027
1753621491.77,1243,1028
1753621491.798,1242,1028
1753621491.803,1242,1030
1753621491.819,1241,1030
1753621491.849,1241,1031
1753621491.864,1240,1031
1753621491.864,1240,1032
1753621491.896,1240,1033
1753621491.898,1239,1034
1753621491.929,1237,1035
1753621491.944,1237,1036
1753621491.975,1237,1038
1753621491.991,1236,1038
1753621492.012,1236,1039
1753621492.029,1235,1039
1753621492.038,1235,1040
1753621492.038,1235,1041
1753621492.061,1234,1041
1753621492.062,1234,1042
1753621492.07,1233,1043
1753621492.086,1233,1044
1753621492.093,1232,1045
1753621492.117,1232,1047
1753621492.117,1231,1047
1753621492.133,1231,1048
1753621492.149,1231,1049
1753621492.164,1231,1050
1753621492.164,1229,1050
1753621492.164,1229,1051
1753621492.211,1228,1051
1753621492.227,1228,1052
1753621492.242,1228,1053
1753621492.242,1227,1055
1753621492.258,1227,1056
1753621492.258,1227,1057
1753621492.274,1227,1058
1753621492.274,1226,1058
1753621492.289,1226,1059
1753621492.291,1226,1060
1753621492.305,1225,1060
1753621492.321,1225,1061
1753621492.337,1225,1063
1753621492.368,1225,1064
1753621492.415,1225,1065
1753621492.43,1224,1065
1753621492.477,1224,1066
1753621492.524,1224,1067
1753621492.697,1224,1068
1753621493.936,1223,1068
1753621493.968,1223,1069
1753621493.983,1221,1069
1753621493.999,1220,1069
1753621494.014,1219,1069
1753621494.03,1218,1069
1753621494.03,1217,1069
1753621494.046,1216,1071
1753621494.061,1215,1071
1753621494.077,1214,1071
1753621494.124,1212,1071
1753621494.124,1211,1072
1753621494.124,1210,1072
1753621494.155,1209,1072
1753621494.158,1208,1072
1753621494.172,1207,1072
1753621494.188,1206,1073
1753621494.203,1204,1073
1753621494.219,1203,1074
1753621494.234,1202,1074
1753621494.257,1201,1074
1753621494.283,1201,1075
1753621494.313,1200,1075
1753621494.329,1199,1075
1753621494.345,1198,1075
1753621494.376,1196,1075
1753621494.391,1195,1075
1753621494.407,1194,1075
1753621494.423,1194,1076
1753621494.423,1193,1076
1753621494.438,1192,1076
1753621494.454,1191,1076
1753621494.47,1190,1076
1753621494.501,1188,1076
1753621494.516,1188,1077
1753621494.516,1187,1077
1753621494.516,1186,1077
1753621494.532,1185,1077
1753621494.548,1184,1077
1753621494.563,1183,1078
1753621494.563,1182,1078
1753621494.579,1181,1078
1753621494.595,1181,1080
1753621494.61,1179,1080
1753621494.61,1178,1080
1753621494.626,1178,1081
1753621494.626,1177,1081
1753621494.641,1176,1081
1753621494.657,1176,1082
1753621494.657,1175,1082
1753621494.673,1174,1082
1753621494.704,1173,1083
1753621494.72,1171,1083
1753621494.72,1170,1084
1753621494.751,1169,1084
1753621494.766,1169,1085
1753621494.798,1168,1085
1753621494.829,1167,1085
1753621494.829,1167,1086
1753621494.845,1166,1086
1753621494.845,1166,1088
1753621494.86,1165,1088
1753621494.89,1163,1089
1753621494.892,1162,1089
1753621494.895,1162,1090
1753621494.895,1161,1090
1753621494.907,1160,1090
1753621494.923,1160,1091
1753621494.924,1159,1091
1753621494.924,1159,1092
1753621494.955,1158,1092
1753621494.955,1157,1092
1753621494.955,1157,1093
1753621494.97,1155,1093
1753621494.986,1155,1094
1753621494.986,1154,1094
1753621495.001,1153,1094
1753621495.001,1153,1096
1753621495.017,1152,1097
1753621495.017,1151,1097
1753621495.033,1150,1098
1753621495.048,1149,1098
1753621495.054,1148,1099
1753621495.064,1146,1100
1753621495.08,1145,1100
1753621495.103,1145,1101
1753621495.127,1144,1101
1753621495.142,1144,1102
1753621495.158,1143,1102
1753621495.174,1143,1104
1753621495.19,1142,1104
1753621495.204,1141,1104
1753621495.241,1141,1105
1753621495.282,1140,1106
1753621495.285,1138,1107
1753621495.3,1137,1108
1753621495.348,1137,1109
1753621495.348,1136,1109
1753621495.348,1136,1110
1753621495.363,1135,1110
1753621495.386,1134,1111
1753621495.392,1134,1113
1753621495.394,1133,1113
1753621495.404,1133,1114
1753621495.41,1132,1114
1753621495.41,1132,1115
1753621495.442,1132,1116
1753621495.473,1132,1117
1753621495.489,1130,1117
1753621495.521,1130,1118
1753621495.551,1129,1119
1753621495.604,1129,1121
1753621495.604,1128,1121
1753621495.615,1128,1122
1753621495.632,1128,1123
1753621495.646,1128,1124
1753621495.663,1127,1125
1753621495.675,1127,1126
1753621495.687,1127,1127
1753621495.694,1126,1127
1753621495.71,1126,1129
1753621495.724,1126,1130
1753621495.741,1126,1131
1753621495.772,1125,1132
1753621495.787,1125,1133
1753621495.804,1125,1134
1753621495.822,1125,1135
1753621495.851,1125,1137
1753621495.853,1125,1138
1753621495.868,1124,1138
1753621495.878,1124,1139
1753621495.899,1124,1140
1753621495.961,1124,1141
1753621495.993,1124,1142
1753621496.008,1122,1142
1753621496.024,1122,1143
1753621496.057,1122,1144
1753621496.087,1122,1146
1753621496.131,1122,1147
1753621496.135,1122,1148
1753621496.168,1122,1149
1753621496.182,1123,1150
1753621496.214,1123,1151
1753621496.229,1122,1151
1753621496.251,1122,1152
1753621496.253,1122,1154
1753621496.261,1122,1155
1753621496.278,1122,1156
1753621496.293,1122,1157
1753621496.293,1123,1158
1753621496.308,1123,1159
1753621496.328,1122,1159
1753621496.329,1122,1160
1753621496.34,1122,1162
1753621496.357,1122,1163
1753621496.371,1122,1164
1753621496.387,1122,1165
1753621496.449,1122,1166
1753621496.481,1121,1167
1753621496.528,1121,1168
1753621496.622,1121,1170
1753621496.653,1121,1171
1753621496.669,1121,1171
1753621496.685,1121,1171
1753621496.716,1121,1172
1753621496.778,1121,1173
1753621496.81,1121,1174
1753621496.841,1121,1175
1753621496.903,1121,1176
1753621496.951,1121,1177
1753621497.077,1123,1179
1753621497.108,1123,1180
1753621497.17,1122,1180
1753621497.201,1123,1180
1753621497.311,1123,1181
1753621497.483,1124,1181
1753621497.546,1125,1181
1753621497.592,1126,1181
1753621497.61,1126,1181
1753621497.629,1127,1181
1753621497.655,1127,1180
1753621497.684,1127,1178
1753621497.687,1128,1178
1753621497.704,1128,1177
1753621497.717,1128,1176
1753621497.717,1129,1176
1753621497.733,1129,1175
1753621497.765,1129,1174
1753621497.781,1129,1173
1753621497.796,1131,1173
1753621497.796,1131,1172
1753621497.796,1132,1172
1753621497.812,1132,1171
1753621497.828,1133,1169
1753621497.845,1133,1168
1753621497.875,1133,1167
1753621497.875,1134,1167
1753621497.891,1134,1166
1753621497.908,1135,1166
1753621497.922,1136,1165
1753621497.938,1136,1164
1753621497.938,1137,1164
1753621497.954,1139,1164
1753621497.985,1140,1164
1753621497.985,1140,1163
1753621498.001,1141,1163
1753621498.016,1142,1163
1753621498.032,1142,1161
1753621498.032,1143,1161
1753621498.048,1144,1161
1753621498.063,1144,1160
1753621498.066,1145,1160
1753621498.079,1147,1160
1753621498.079,1147,1159
1753621498.095,1148,1159
1753621498.095,1149,1159
1753621498.112,1150,1159
1753621498.142,1151,1159
1753621498.142,1152,1159
1753621498.164,1153,1158
1753621498.174,1154,1158
1753621498.174,1156,1157
1753621498.19,1157,1157
1753621498.199,1158,1157
1753621498.224,1159,1157
1753621498.284,1160,1157
1753621498.284,1160,1156
1753621498.3,1161,1156
1753621498.316,1162,1156
1753621498.337,1164,1155
1753621498.347,1165,1155
1753621498.364,1166,1155
1753621498.379,1166,1153
1753621498.381,1167,1153
1753621498.394,1168,1153
1753621498.394,1168,1152
1753621498.41,1169,1152
1753621498.426,1170,1152
1753621498.441,1172,1152
1753621498.457,1172,1151
1753621498.458,1173,1151
1753621498.473,1174,1150
1753621498.49,1175,1150
1753621498.49,1176,1150
1753621498.504,1177,1150
1753621498.507,1177,1149
1753621498.533,1178,1149
1753621498.552,1180,1149
1753621498.568,1180,1148
1753621498.568,1181,1148
1753621498.584,1182,1148
1753621498.599,1183,1147
1753621498.615,1184,1147
1753621498.646,1185,1147
1753621498.646,1186,1147
1753621498.662,1187,1145
1753621498.678,1189,1145
1753621498.682,1190,1144
1753621498.693,1191,1144
1753621498.709,1192,1144
1753621498.717,1193,1144
1753621498.721,1193,1143
1753621498.725,1194,1143
1753621498.75,1195,1143
1753621498.758,1197,1143
1753621498.772,1198,1143
1753621498.788,1199,1143
1753621498.788,1199,1142
1753621498.804,1200,1142
1753621498.819,1201,1142
1753621498.819,1202,1142
1753621498.835,1202,1141
1753621498.835,1203,1141
1753621498.866,1205,1141
1753621498.891,1206,1141
1753621498.898,1207,1141
1753621498.898,1208,1140
1753621498.915,1209,1140
1753621498.915,1210,1140
1753621498.929,1213,1140
1753621498.945,1214,1139
1753621498.945,1215,1139
1753621498.961,1216,1139
1753621499.018,1217,1139
1753621499.024,1218,1139
1753621499.024,1219,1139
1753621499.024,1221,1139
1753621499.04,1222,1139
1753621499.061,1223,1139
1753621499.086,1224,1139
1753621499.18,1225,1139
1753621499.18,1225,1139
1753621499.196,1226,1139
1753621499.211,1227,1139
1753621499.227,1229,1139
1753621499.258,1230,1139
1753621499.258,1231,1140
1753621499.274,1232,1140
1753621499.321,1233,1140
1753621499.321,1233,1141
1753621499.336,1234,1141
1753621499.368,1235,1141
1753621499.368,1235,1142
1753621499.414,1237,1142
1753621499.43,1238,1143
1753621499.446,1239,1144
1753621499.446,1240,1144
1753621499.446,1241,1144
1753621499.461,1242,1144
1753621499.477,1243,1144
1753621499.493,1243,1146
1753621499.493,1245,1146
1753621499.524,1246,1146
1753621499.524,1247,1146
1753621499.524,1247,1147
1753621499.556,1248,1147
1753621499.556,1249,1148
1753621499.572,1250,1148
1753621499.586,1251,1148
1753621499.602,1252,1149
1753621499.602,1254,1149
1753621499.649,1255,1149
1753621499.696,1256,1150
1753621499.713,1257,1150
1753621499.713,1258,1150
1753621499.732,1259,1151
1753621499.744,1260,1151
1753621499.76,1262,1151
1753621499.792,1263,1151
1753621499.792,1263,1152
1753621499.802,1264,1152
1753621499.823,1265,1154
1753621499.839,1266,1154
1753621499.839,1267,1155
1753621499.866,1268,1155
1753621499.868,1268,1156
1753621499.87,1270,1156
1753621499.886,1271,1156
1753621499.886,1272,1156
1753621499.897,1273,1156
1753621499.902,1273,1157
1753621499.902,1274,1157
1753621499.917,1275,1157
1753621499.917,1276,1157
1753621499.934,1276,1158
1753621499.934,1278,1158
1753621499.965,1279,1158
1753621499.98,1280,1159
1753621499.98,1281,1159
1753621499.996,1282,1159
1753621500.009,1283,1159
1753621500.075,1284,1160
1753621500.08,1287,1162
1753621500.106,1288,1162
1753621500.106,1289,1163
1753621500.137,1290,1163
1753621500.137,1291,1163
1753621500.137,1291,1164
1753621500.169,1292,1165
1753621500.202,1293,1165
1753621500.216,1295,1165
1753621500.221,1296,1165
1753621500.231,1296,1166
1753621500.247,1297,1167
1753621500.263,1298,1167
1753621500.294,1299,1167
1753621500.294,1300,1167
1753621500.31,1300,1168
1753621500.313,1301,1168
1753621500.341,1303,1170
1753621500.356,1304,1171
1753621500.389,1305,1172
1753621500.407,1306,1172
1753621500.419,1307,1173
1753621500.436,1308,1174
1753621500.467,1309,1174
1753621500.498,1311,1175
1753621500.514,1312,1175
1753621500.529,1312,1176
1753621500.545,1313,1176
1753621500.619,1314,1176
1753621500.64,1314,1176
1753621500.642,1314,1175
1753621500.657,1315,1174
1753621500.671,1315,1173
1753621500.687,1315,1172
1753621500.718,1315,1171
1753621500.734,1315,1169
1753621500.781,1315,1168
1753621500.798,1315,1167
1753621500.831,1315,1166
1753621500.848,1315,1165
1753621500.876,1315,1164
1753621500.893,1315,1163
1753621500.925,1315,1161
1753621500.956,1315,1160
1753621500.966,1315,1159
1753621500.995,1315,1158
1753621501.013,1315,1157
1753621501.05,1315,1156
1753621501.069,1315,1155
1753621501.084,1315,1153
1753621501.097,1315,1152
1753621501.112,1315,1151
1753621501.144,1315,1150
1753621501.16,1314,1150
1753621501.162,1314,1149
1753621501.191,1314,1148
1753621501.217,1313,1147
1753621501.239,1313,1145
1753621501.259,1313,1144
1753621501.266,1312,1144
1753621501.271,1312,1143
1753621501.297,1312,1142
1753621501.315,1312,1141
1753621501.323,1310,1141
1753621501.334,1310,1140
1753621501.35,1310,1139
1753621501.366,1310,1138
1753621501.382,1310,1136
1753621501.414,1309,1135
1753621501.414,1309,1134
1753621501.414,1309,1133
1753621501.45,1309,1132
1753621501.461,1309,1131
1753621501.492,1309,1130
1753621501.492,1308,1130
1753621501.492,1308,1128
1753621501.508,1308,1127
1753621501.54,1307,1127
1753621501.555,1307,1126
1753621501.58,1307,1125
1753621501.587,1307,1124
1753621501.602,1306,1124
1753621501.61,1306,1123
1753621501.619,1306,1122
1753621501.651,1306,1120
1753621501.666,1305,1120
1753621501.666,1305,1119
1753621501.689,1304,1119
1753621501.701,1304,1118
1753621501.713,1302,1118
1753621501.73,1302,1117
1753621501.749,1302,1116
1753621501.758,1301,1116
1753621501.776,1301,1115
1753621501.792,1300,1115
1753621501.81,1299,1114
1753621501.839,1298,1112
1753621501.855,1297,1111
1753621501.919,1297,1110
1753621501.92,1296,1110
1753621501.947,1296,1109
1753621501.952,1294,1109
1753621501.982,1293,1109
1753621502.013,1293,1108
1753621502.045,1292,1108
1753621502.045,1292,1107
1753621502.093,1291,1107
1753621502.13,1290,1107
1753621502.141,1290,1106
1753621502.172,1290,1105
1753621502.183,1289,1105
1753621502.203,1288,1105
1753621502.25,1288,1103
1753621502.25,1286,1103
1753621502.283,1286,1102
1753621502.293,1285,1102
1753621502.328,1284,1102
1753621502.375,1283,1101
1753621502.39,1282,1101
1753621502.437,1281,1101
1753621502.453,1281,1100
1753621502.47,1280,1100
1753621502.501,1279,1100
1753621502.548,1277,1100
1753621502.642,1276,1099
1753621502.642,1275,1099
1753621502.72,1274,1099
1753621502.751,1273,1098
1753621502.767,1272,1098
1753621502.939,1272,1098
1753621502.956,1272,1097
1753621502.966,1273,1097
1753621503.003,1274,1097
1753621503.02,1275,1095
1753621503.036,1276,1095
1753621503.066,1278,1095
1753621503.084,1279,1095
1753621503.107,1280,1095
1753621503.115,1281,1094
1753621503.145,1282,1094
1753621503.161,1283,1094
1753621503.186,1283,1093
1753621503.186,1284,1093
1753621503.192,1285,1093
1753621503.208,1287,1092
1753621503.22,1289,1092
1753621503.225,1289,1091
1753621503.231,1292,1090
1753621503.236,1293,1090
1753621503.249,1293,1088
1753621503.256,1294,1088
1753621503.258,1295,1088
1753621503.258,1296,1087
1753621503.272,1297,1087
1753621503.289,1298,1087
1753621503.29,1298,1086
1753621503.298,1300,1086
1753621503.32,1301,1085
1753621503.326,1302,1085
1753621503.336,1302,1084
1753621503.336,1303,1084
1753621503.353,1304,1083
1753621503.368,1305,1083
1753621503.383,1306,1083
1753621503.383,1306,1082
1753621503.399,1307,1082
1753621503.414,1309,1081
1753621503.414,1310,1081
1753621503.435,1311,1081
1753621503.462,1312,1081
1753621503.474,1313,1081
1753621503.478,1314,1079
1753621503.491,1315,1079
1753621503.509,1317,1079
1753621503.51,1317,1078
1753621503.525,1318,1078
1753621503.526,1319,1078
1753621503.526,1320,1078
1753621503.543,1321,1078
1753621503.543,1322,1078
1753621503.557,1323,1078
1753621503.557,1325,1078
1753621503.573,1325,1077
1753621503.589,1326,1077
1753621503.589,1327,1077
1753621503.605,1328,1077
1753621503.619,1329,1077
1753621503.621,1330,1076
1753621503.621,1331,1076
1753621503.636,1332,1076
1753621503.653,1334,1075
1753621503.669,1335,1075
1753621503.669,1335,1074
1753621503.684,1336,1074
1753621503.701,1336,1073
1753621503.715,1337,1073
1753621503.715,1338,1073
1753621503.715,1339,1073
1753621503.731,1340,1073
1753621503.731,1342,1073
1753621503.746,1343,1071
1753621503.766,1344,1070
1753621503.778,1345,1070
1753621503.793,1347,1070
1753621503.811,1349,1069
1753621503.818,1350,1069
1753621503.826,1351,1069
1753621503.836,1352,1069
1753621503.853,1353,1069
1753621503.857,1353,1068
1753621503.858,1354,1068
1753621503.872,1355,1068
1753621503.888,1357,1068
1753621503.905,1358,1068
1753621503.92,1359,1068
1753621503.937,1360,1068
1753621503.962,1361,1068
1753621503.984,1362,1068
1753621503.984,1363,1068
1753621504.001,1363,1067
1753621504.015,1364,1067
1753621504.02,1366,1067
1753621504.089,1367,1067
1753621504.14,1368,1067
1753621504.218,1369,1067
1753621504.25,1369,1067
1753621504.265,1370,1067
1753621504.39,1371,1067
1753621504.406,1372,1067
1753621504.421,1374,1067
1753621504.437,1374,1066
1753621504.442,1375,1066
1753621504.468,1376,1065
1753621504.468,1377,1063
1753621504.468,1378,1063
1753621504.468,1379,1063
1753621504.487,1382,1062
1753621504.487,1383,1061
1753621504.501,1384,1061
1753621504.501,1385,1060
1753621504.519,1386,1059
1753621504.519,1387,1058
1753621504.531,1389,1058
1753621504.547,1390,1057
1753621504.563,1391,1055
1753621504.578,1393,1054
1753621504.61,1393,1053
1753621504.641,1393,1052
1753621504.656,1393,1051
1753621504.672,1394,1051
1753621504.711,1394,1050
1753621504.735,1394,1049
1753621504.751,1395,1047
1753621504.797,1397,1046
1753621504.797,1397,1045
1753621504.813,1398,1045
1753621504.813,1398,1044
1753621504.813,1399,1044
1753621504.829,1399,1043
1753621504.844,1400,1043
1753621504.844,1400,1042
1753621504.844,1401,1042
1753621504.86,1401,1041
1753621504.86,1401,1039
1753621504.876,1402,1039
1753621504.876,1402,1038
1753621504.891,1403,1038
1753621504.891,1403,1037
1753621504.907,1405,1037
1753621504.922,1405,1036
1753621504.938,1406,1035
1753621504.954,1407,1034
1753621504.969,1407,1033
1753621504.969,1407,1031
1753621504.969,1408,1031
1753621505.001,1408,1030
1753621505.001,1409,1030
1753621505.001,1409,1029
1753621505.032,1410,1029
1753621505.032,1410,1028
1753621505.032,1411,1027
1753621505.047,1411,1026
1753621505.063,1413,1026
1753621505.063,1413,1025
1753621505.079,1413,1024
1753621505.079,1414,1022
1753621505.114,1414,1021
1753621505.126,1415,1020
1753621505.141,1416,1019
1753621505.157,1417,1018
1753621505.157,1417,1017
1753621505.174,1417,1016
1753621505.174,1418,1016
1753621505.189,1418,1014
1753621505.189,1419,1013
1753621505.204,1420,1012
1753621505.221,1420,1011
1753621505.221,1420,1010
1753621505.236,1422,1010
1753621505.236,1422,1009
1753621505.252,1423,1008
1753621505.252,1423,1006
1753621505.267,1424,1005
1753621505.283,1424,1004
1753621505.283,1425,1003
1753621505.299,1426,1002
1753621505.314,1427,1001
1753621505.33,1427,1000
1753621505.34,1428,998
1753621505.352,1430,997
1753621505.352,1430,996
1753621505.362,1431,995
1753621505.377,1432,995
1753621505.384,1432,994
1753621505.393,1433,994
1753621505.393,1433,993
1753621505.425,1434,992
1753621505.442,1435,991
1753621505.457,1436,991
1753621505.457,1436,989
1753621505.472,1438,988
1753621505.472,1439,987
1753621505.472,1440,987
1753621505.488,1440,986
1753621505.488,1441,986
1753621505.504,1442,985
1753621505.504,1442,984
1753621505.519,1443,984
1753621505.535,1444,984
1753621505.552,1446,984
1753621505.568,1446,983
1753621505.586,1447,981
1753621505.586,1448,981
1753621505.598,1449,981
1753621505.6,1450,980
1753621505.619,1451,980
1753621505.627,1451,979
1753621505.633,1452,979
1753621505.64,1453,979
1753621505.646,1453,978
1753621505.662,1455,978
1753621505.677,1456,978
1753621505.694,1456,977
1753621505.694,1457,977
1753621505.709,1458,977
1753621505.756,1459,977
1753621505.771,1460,977
1753621505.771,1461,976
1753621505.804,1463,976
1753621505.819,1463,975
1753621505.834,1464,975
1753621505.861,1465,975
1753621505.879,1466,975
1753621505.881,1467,975
1753621505.897,1468,975
1753621505.913,1469,975
1753621505.928,1471,975
1753621505.937,1472,975
1753621505.944,1472,973
1753621505.957,1473,973
1753621505.959,1474,973
1753621505.975,1475,973
1753621505.975,1475,972
1753621505.992,1476,972
1753621505.992,1477,972
1753621506.006,1477,971
1753621506.101,1477,971
1753621506.117,1476,971
1753621506.117,1475,970
1753621506.135,1474,970
1753621506.147,1473,970
1753621506.152,1472,970
1753621506.164,1470,970
1753621506.169,1469,970
1753621506.181,1468,970
1753621506.196,1467,970
1753621506.199,1466,970
1753621506.212,1465,971
1753621506.229,1464,971
1753621506.243,1462,971
1753621506.258,1461,972
1753621506.274,1460,972
1753621506.29,1460,974
1753621506.305,1459,974
1753621506.337,1458,974
1753621506.368,1458,975
1753621506.383,1457,975
1753621506.405,1457,976
1753621506.405,1456,976
1753621506.415,1456,977
1753621506.434,1454,978
1753621506.447,1453,979
1753621506.478,1452,980
1753621506.511,1451,980
1753621506.525,1450,980
1753621506.542,1449,982
1753621506.542,1448,982
1753621506.556,1448,983
1753621506.556,1447,983
1753621506.573,1445,983
1753621506.588,1444,984
1753621506.604,1443,985
1753621506.605,1442,985
1753621506.62,1441,986
1753621506.667,1440,986
1753621506.681,1437,988
1753621506.698,1436,988
1753621506.7,1436,990
1753621506.701,1435,990
1753621506.73,1435,991
1753621506.745,1435,992
1753621506.76,1434,993
1753621506.792,1433,994
1753621506.792,1432,995
1753621506.8,1432,996
1753621506.809,1431,996
1753621506.824,1429,997
1753621506.824,1428,999
1753621506.87,1428,1000
1753621506.87,1427,1000
1753621506.902,1426,1001
1753621506.924,1425,1001
1753621506.933,1424,1002
1753621506.95,1423,1003
1753621506.965,1421,1004
1753621506.981,1421,1005
1753621507.012,1420,1005
1753621507.028,1420,1007
1753621507.043,1419,1007
1753621507.059,1418,1008
1753621507.059,1418,1009
1753621507.074,1417,1009
1753621507.074,1416,1010
1753621507.09,1415,1011
1753621507.09,1415,1012
1753621507.106,1414,1012
1753621507.121,1412,1013
1753621507.137,1412,1015
1753621507.137,1411,1015
1753621507.153,1410,1015
1753621507.168,1410,1016
1753621507.184,1409,1017
1753621507.199,1408,1018
1753621507.215,1408,1019
1753621507.231,1407,1019
1753621507.255,1406,1020
1753621507.271,1406,1021
1753621507.278,1404,1023
1753621507.294,1403,1024
1753621507.309,1403,1025
1753621507.309,1402,1025
1753621507.325,1401,1026
1753621507.325,1401,1027
1753621507.341,1400,1027
1753621507.341,1400,1028
1753621507.356,1399,1029
1753621507.372,1398,1030
1753621507.387,1396,1032
1753621507.403,1395,1033
1753621507.419,1394,1034
1753621507.419,1393,1035
1753621507.438,1393,1036
1753621507.439,1392,1037
1753621507.45,1391,1038
1753621507.459,1390,1040
1753621507.467,1388,1041
1753621507.467,1388,1042
1753621507.482,1387,1042
1753621507.498,1387,1043
1753621507.498,1386,1044
1753621507.529,1386,1045
1753621507.545,1385,1045
1753621507.545,1385,1046
1753621507.56,1384,1046
1753621507.576,1383,1048
1753621507.592,1383,1049
1753621507.607,1383,1050
1753621507.607,1382,1050
1753621507.623,1382,1051
1753621507.623,1381,1052
1753621507.638,1381,1053
1753621507.655,1379,1053
1753621507.67,1378,1054
1753621507.671,1378,1056
1753621507.686,1377,1057
1753621507.702,1376,1057
1753621507.702,1376,1058
1753621507.712,1376,1059
1753621507.719,1375,1060
1753621507.735,1375,1061
1753621507.748,1374,1062
1753621507.753,1373,1063
1753621507.775,1373,1065
1753621507.78,1371,1066
1753621507.812,1370,1067
1753621507.828,1370,1068
1753621507.835,1370,1069
1753621507.859,1370,1070
1753621507.859,1369,1071
1753621507.874,1369,1073
1753621507.88,1368,1073
1753621507.893,1368,1074
1753621507.905,1368,1075
1753621507.908,1367,1075
1753621507.908,1367,1076
1753621507.937,1367,1077
1753621507.937,1366,1078
1753621507.968,1365,1078
1753621507.985,1365,1079
1753621507.999,1365,1081
1753621508.016,1363,1082
1753621508.031,1363,1083
1753621508.031,1362,1084
1753621508.046,1362,1085
1753621508.062,1361,1085
1753621508.062,1361,1086
1753621508.084,1360,1087
1753621508.094,1360,1088
1753621508.109,1359,1090
1753621508.109,1359,1091
1753621508.126,1358,1091
1753621508.134,1358,1092
1753621508.141,1358,1093
1753621508.141,1357,1094
1753621508.157,1355,1094
1753621508.157,1355,1095
1753621508.172,1354,1096
1753621508.189,1354,1098
1753621508.189,1353,1099
1753621508.189,1352,1100
1753621508.204,1351,1101
1753621508.242,1351,1102
1753621508.268,1350,1102
1753621508.283,1350,1103
1753621508.439,1350,1104
1753621508.525,1349,1104
1753621508.533,1349,1106
1753621508.564,1349,1107
1753621508.572,1348,1108
1753621508.589,1346,1108
1753621508.596,1346,1109
1753621508.612,1346,1110
1753621508.659,1345,1111
1753621508.69,1345,1112
1753621508.737,1344,1114
1753621508.905,1344,1115
1753621509.097,1344,1115
1753621509.145,1345,1115
1753621509.16,1347,1115
1753621509.191,1348,1115
1753621509.209,1348,1115
1753621509.223,1349,1115
1753621509.223,1350,1115
1753621509.223,1351,1115
1753621509.244,1352,1115
1753621509.245,1353,1115
1753621509.255,1354,1115
1753621509.255,1356,1115
1753621509.272,1357,1115
1753621509.443,1358,1115
1753621509.505,1359,1115
1753621509.537,1360,1115
1753621509.552,1361,1115
1753621509.552,1362,1115
1753621509.568,1364,1115
1753621509.583,1365,1115
1753621509.599,1366,1115
1753621509.599,1367,1115
1753621509.599,1369,1115
1753621509.614,1371,1115
1753621509.63,1372,1115
1753621509.63,1373,1115
1753621509.646,1374,1115
1753621509.646,1375,1115
1753621509.661,1376,1115
1753621509.661,1377,1115
1753621509.677,1379,1115
1753621509.677,1380,1115
1753621509.694,1381,1115
1753621509.694,1382,1115
1753621509.694,1384,1115
1753621509.709,1385,1115
1753621509.709,1389,1115
1753621509.725,1392,1115
1753621509.735,1394,1115
1753621509.74,1397,1113
1753621509.74,1398,1113
1753621509.756,1399,1113
1753621509.756,1402,1113
1753621509.756,1403,1113
1753621509.818,1404,1113
1753621509.834,1405,1113
1753621509.85,1406,1112
1753621509.865,1408,1112
1753621509.881,1409,1112
1753621509.881,1410,1112
1753621509.881,1411,1112
1753621509.897,1413,1112
1753621509.897,1413,1111
1753621509.915,1415,1111
1753621509.915,1416,1111
1753621509.943,1417,1111
1753621509.943,1418,1111
1753621509.961,1419,1111
1753621509.977,1419,1110
1753621510.0,1420,1110
1753621510.002,1421,1110
1753621510.003,1423,1109
1753621510.005,1424,1109
1753621510.033,1425,1109
1753621510.038,1425,1107
1753621510.038,1426,1107
1753621510.068,1427,1106
1753621510.068,1428,1106
1753621510.068,1428,1105
1753621510.083,1429,1105
1753621510.099,1430,1105
1753621510.115,1430,1104
1753621510.115,1432,1104
1753621510.115,1433,1103
1753621510.146,1434,1102
1753621510.146,1435,1102
1753621510.162,1435,1101
1753621510.162,1436,1101
1753621510.177,1437,1101
1753621510.18,1438,1100
1753621510.193,1438,1098
1753621510.193,1440,1098
1753621510.225,1441,1098
1753621510.225,1441,1097
1753621510.241,1442,1096
1753621510.256,1443,1096
1753621510.256,1444,1096
1753621510.256,1445,1095
1753621510.319,1446,1094
1753621510.335,1451,1093
1753621510.34,1452,1092
1753621510.351,1453,1092
1753621510.366,1454,1092
1753621510.375,1455,1090
1753621510.382,1457,1090
1753621510.393,1457,1089
1753621510.399,1458,1089
1753621510.399,1459,1089
1753621510.414,1460,1088
1753621510.414,1461,1088
1753621510.43,1462,1088
1753621510.43,1463,1088
1753621510.445,1463,1087
1753621510.446,1465,1087
1753621510.446,1466,1086
1753621510.462,1467,1086
1753621510.462,1468,1085
1753621510.478,1469,1085
1753621510.478,1470,1084
1753621510.494,1471,1082
1753621510.501,1473,1082
1753621510.508,1474,1081
1753621510.508,1475,1081
1753621510.508,1476,1080
1753621510.524,1477,1079
1753621510.524,1480,1079
1753621510.544,1480,1078
1753621510.544,1482,1077
1753621510.556,1483,1076
1753621510.556,1484,1076
1753621510.571,1487,1074
1753621510.579,1488,1073
1753621510.587,1489,1072
1753621510.587,1490,1072
1753621510.587,1491,1072
1753621510.606,1491,1071
1753621510.61,1493,1071
1753621510.635,1493,1070
1753621510.65,1494,1070
1753621510.67,1494,1069
1753621510.672,1495,1067
1753621510.682,1496,1067
1753621510.682,1496,1066
1753621510.701,1497,1065
1753621510.73,1497,1064
1753621510.73,1498,1064
1753621510.745,1498,1063
1753621510.761,1499,1063
1753621510.761,1499,1062
1753621510.776,1500,1062
1753621510.793,1500,1061
1753621510.793,1502,1061
1753621510.808,1502,1059
1753621510.808,1503,1059
1753621510.827,1503,1058
1753621510.827,1503,1057
1753621510.843,1504,1057
1753621510.843,1505,1056
1753621510.855,1505,1055
1753621510.871,1506,1055
1753621510.871,1506,1054
1753621510.902,1507,1054
1753621510.912,1507,1053
1753621510.93,1507,1051
1753621510.934,1507,1050
1753621510.949,1508,1050
1753621510.965,1508,1049
1753621510.965,1510,1049
1753621510.981,1511,1048
1753621510.981,1511,1047
1753621511.012,1512,1047
1753621511.012,1512,1046
1753621511.028,1512,1045
1753621511.043,1513,1045
1753621511.059,1513,1044
1753621511.075,1513,1042
1753621511.094,1514,1041
1753621511.107,1514,1040
1753621511.122,1515,1039
1753621511.154,1515,1038
1753621511.156,1516,1038
1753621511.186,1516,1037
1753621511.217,1518,1036
1753621511.233,1518,1034
1753621511.233,1519,1034
1753621511.265,1519,1033
1753621511.265,1520,1033
1753621511.265,1520,1032
1753621511.281,1521,1032
1753621511.282,1521,1031
1753621511.301,1522,1031
1753621511.312,1522,1030
1753621511.329,1523,1030
1753621511.359,1523,1029
1753621511.359,1524,1029
1753621511.379,1524,1028
1753621511.382,1524,1026
1753621511.392,1526,1026
1753621511.394,1526,1025
1753621511.406,1527,1025
1753621511.406,1527,1024
1753621511.406,1528,1024
1753621511.422,1528,1023
1753621511.438,1528,1022
1753621511.468,1528,1021
1753621511.499,1528,1020
1753621511.532,1528,1018
1753621511.594,1528,1017
1753621511.609,1528,1016
1753621511.625,1529,1016
1753621511.629,1529,1015
1753621511.629,1530,1015
1753621511.641,1530,1014
1753621511.641,1531,1013
1753621511.656,1532,1012
1753621511.656,1532,1011
1753621511.672,1533,1009
1753621511.688,1533,1008
1753621511.688,1533,1007
1753621511.688,1535,1007
1753621511.704,1535,1006
1753621511.737,1535,1005
1753621511.739,1536,1005
1753621511.742,1536,1004
1753621511.751,1536,1003
1753621511.768,1536,1001
1753621511.782,1536,1000
1753621511.814,1536,999
1753621511.845,1536,998
1753621511.878,1536,997
1753621511.943,1536,996
1753621512.019,1536,995
1753621512.062,1536,995
1753621512.065,1536,993
1753621512.082,1534,993
1753621512.097,1534,992
1753621512.113,1533,992
1753621512.176,1532,992
1753621512.191,1532,991
1753621512.254,1532,990
1753621512.379,1532,989
1753621512.41,1532,988
1753621512.41,1532,987
1753621512.425,1532,987
1753621512.457,1532,986
1753621512.468,1533,986
1753621512.629,1533,986
1753621512.629,1533,987
1753621512.645,1533,988
1753621512.676,1533,989
1753621512.676,1533,990
1753621512.692,1533,991
1753621512.692,1533,992
1753621512.707,1533,994
1753621512.723,1533,995
1753621512.723,1533,996
1753621512.739,1533,996
1753621512.739,1533,997
1753621512.739,1533,998
1753621512.754,1532,999
1753621512.77,1532,1000
1753621512.794,1531,1000
1753621512.795,1531,1002
1753621512.817,1531,1003
1753621512.849,1531,1004
1753621512.864,1531,1005
1753621512.896,1531,1006
1753621512.911,1530,1006
1753621512.928,1530,1007
1753621512.943,1529,1007
1753621512.96,1529,1008
1753621512.99,1529,1010
1753621512.99,1529,1011
1753621513.007,1528,1012
1753621513.007,1528,1013
1753621513.023,1527,1014
1753621513.023,1527,1015
1753621513.038,1525,1016
1753621513.038,1525,1017
1753621513.045,1524,1017
1753621513.054,1524,1019
1753621513.054,1524,1020
1753621513.069,1523,1021
1753621513.102,1523,1022
1753621513.117,1522,1022
1753621513.133,1522,1023
1753621513.153,1522,1024
1753621513.178,1521,1025
1753621513.181,1521,1027
1753621513.191,1520,1028
1753621513.197,1518,1030
1753621513.214,1517,1031
1753621513.214,1516,1033
1753621513.228,1516,1034
1753621513.241,1516,1035
1753621513.25,1515,1036
1753621513.26,1514,1036
1753621513.26,1514,1037
1753621513.26,1513,1037
1753621513.276,1513,1038
1753621513.291,1512,1039
1753621513.291,1510,1040
1753621513.307,1509,1042
1753621513.329,1509,1043
1753621513.338,1508,1043
1753621513.354,1508,1044
1753621513.371,1507,1044
1753621513.385,1507,1045
1753621513.417,1506,1045
1753621513.433,1506,1046
1753621513.48,1505,1047
1753621513.495,1504,1048
1753621513.559,1504,1050
1753621513.566,1502,1050
1753621513.567,1502,1051
1753621513.597,1501,1051
1753621513.597,1501,1052
1753621513.622,1500,1052
1753621513.638,1500,1053
1753621513.67,1499,1054
1753621513.685,1499,1055
1753621513.716,1498,1055
1753621513.716,1498,1056
1753621513.795,1498,1058
1753621513.813,1497,1058
1753621513.827,1497,1059
1753621513.859,1497,1060
1753621513.874,1496,1060
1753621513.891,1496,1061
1753621513.924,1495,1062
1753621513.936,1493,1063
1753621513.94,1493,1064
1753621513.966,1492,1064
1753621513.979,1492,1066
1753621514.126,1492,1066
1753621514.173,1494,1066
1753621514.221,1495,1066
1753621514.238,1495,1067
1753621514.268,1496,1067
1753621514.273,1497,1067
1753621514.3,1498,1067
1753621514.346,1499,1067
1753621514.425,1500,1067
1753621514.456,1500,1067
1753621514.471,1501,1067
1753621514.503,1503,1067
1753621514.581,1504,1067
1753621514.628,1505,1067
1753621514.659,1505,1065
1753621514.706,1506,1065
1753621514.738,1507,1065
1753621514.777,1508,1065
1753621514.816,1508,1064
1753621514.879,1509,1064
1753621514.926,1511,1064
1753621514.972,1512,1064
1753621514.99,1513,1064
1753621515.021,1514,1064
1753621515.067,1515,1064
1753621515.208,1516,1064
1753621515.224,1517,1064
1753621515.239,1519,1064
1753621515.255,1520,1064
1753621515.255,1521,1064
1753621515.27,1522,1064
1753621515.286,1523,1064
1753621515.286,1524,1064
1753621515.302,1525,1064
1753621515.317,1527,1064
1753621515.317,1528,1064
1753621515.364,1529,1064
1753621515.364,1530,1064
1753621515.383,1531,1064
1753621515.411,1532,1064
1753621515.427,1532,1064
1753621515.458,1533,1064
1753621515.505,1534,1064
1753621515.538,1536,1064
1753621515.538,1536,1066
1753621515.568,1537,1066
1753621515.6,1538,1066
1753621515.615,1539,1066
1753621515.631,1540,1066
1753621515.631,1541,1066
1753621515.679,1542,1066
1753621515.694,1544,1066
1753621515.741,1545,1066
1753621515.769,1546,1066
1753621515.805,1547,1066
1753621515.832,1548,1066
1753621515.836,1549,1066
1753621515.852,1550,1066
1753621515.868,1552,1066
1753621515.869,1553,1066
1753621515.884,1553,1065
1753621515.89,1554,1065
1753621515.903,1555,1065
1753621515.926,1556,1065
1753621515.931,1557,1065
1753621515.947,1558,1065
1753621515.962,1560,1065
1753621515.978,1561,1065
1753621515.978,1562,1065
1753621516.008,1563,1065
1753621516.01,1564,1065
1753621516.025,1565,1065
1753621516.041,1566,1065
1753621516.063,1567,1065
1753621516.063,1567,1064
1753621516.086,1569,1064
1753621516.089,1570,1064
1753621516.104,1570,1064
1753621516.104,1571,1064
1753621516.136,1572,1064
1753621516.136,1573,1064
1753621516.152,1574,1063
1753621516.183,1575,1063
1753621516.183,1577,1063
1753621516.198,1578,1063
1753621516.219,1579,1063
1753621516.219,1580,1063
1753621516.23,1581,1063
1753621516.247,1582,1063
1753621516.263,1583,1063
1753621516.263,1583,1062
1753621516.269,1585,1062
1753621516.278,1586,1061
1753621516.305,1587,1061
1753621516.309,1588,1061
1753621516.309,1590,1061
1753621516.325,1592,1061
1753621516.325,1594,1061
1753621516.341,1595,1060
1753621516.341,1596,1060
1753621516.357,1599,1058
1753621516.357,1601,1058
1753621516.374,1602,1057
1753621516.374,1604,1057
1753621516.404,1605,1057
1753621516.42,1605,1057
1753621516.436,1605,1057
1753621516.451,1606,1057
1753621516.471,1607,1057
1753621516.499,1608,1057
1753621516.499,1609,1057
1753621516.52,1610,1057
1753621516.53,1612,1057
1753621516.562,1613,1057
1753621516.562,1614,1057
1753621516.577,1615,1057
1753621516.577,1616,1056
1753621516.593,1617,1056
1753621516.613,1618,1056
1753621516.616,1619,1056
1753621516.69,1619,1055
1753621516.704,1621,1055
1753621516.767,1622,1055
1753621516.782,1622,1054
1753621516.798,1623,1054
1753621516.823,1624,1054
1753621516.83,1624,1053
1753621516.839,1625,1053
1753621516.846,1626,1053
1753621516.846,1627,1052
1753621516.862,1629,1052
1753621516.87,1630,1052
1753621516.877,1631,1050
1753621516.877,1632,1050
1753621516.893,1633,1050
1753621516.9,1633,1049
1753621516.904,1633,1049
1753621516.957,1634,1049
1753621516.988,1635,1049
1753621517.004,1635,1049
1753621517.051,1635,1049
1753621517.066,1634,1049
1753621517.098,1634,1049
1753621517.145,1633,1049
1753621517.161,1633,1049
1753621517.176,1633,1049
1753621517.208,1632,1049
1753621517.208,1632,1051
1753621517.27,1632,1052
1753621517.286,1631,1052
1753621517.317,1630,1052
1753621517.333,1630,1053
1753621517.364,1628,1053
1753621517.444,1627,1053
1753621517.474,1627,1054
1753621517.505,1626,1054
1753621517.521,1625,1054
1753621517.521,1625,1055
1753621517.567,1625,1056
1753621517.583,1625,1057
1753621517.646,1624,1059
1753621517.692,1624,1060
1753621517.724,1623,1061
1753621517.739,1622,1061
1753621517.787,1622,1062
1753621517.823,1622,1063
1753621517.823,1620,1064
1753621517.869,1621,1065
1753621517.881,1619,1071
1753621517.884,1618,1072
1753621517.897,1618,1075
1753621517.902,1618,1076
1753621517.902,1618,1077
1753621517.913,1618,1078
1753621517.92,1618,1079
1753621517.929,1618,1081
1753621517.945,1617,1081
1753621517.962,1617,1082
1753621517.976,1617,1082
1753621517.987,1617,1083
1753621517.992,1617,1083
1753621517.992,1617,1084
1753621518.008,1617,1084
1753621518.019,1617,1085
1753621518.039,1617,1086
1753621518.055,1617,1087
1753621518.071,1616,1087
1753621518.071,1616,1089
1753621518.087,1616,1090
1753621518.103,1616,1091
1753621518.103,1616,1092
1753621518.12,1616,1093
1753621518.15,1616,1094
1753621518.15,1615,1094
1753621518.166,1615,1095
1753621518.181,1614,1096
1753621518.203,1612,1098
1753621518.213,1612,1099
1753621518.213,1612,1100
1753621518.231,1611,1101
1753621518.238,1611,1102
1753621518.245,1610,1103
1753621518.267,1610,1104
1753621518.276,1609,1106
1753621518.285,1609,1107
1753621518.295,1609,1108
1753621518.302,1608,1108
1753621518.308,1608,1109
1753621518.328,1608,1110
1753621518.354,1608,1111
1753621518.355,1608,1112
1753621518.371,1607,1114
1753621518.387,1606,1114
1753621518.434,1604,1114
1753621518.451,1604,1115
1753621518.543,1604,1116
1753621518.559,1604,1117
1753621518.59,1604,1118
1753621518.606,1603,1119
1753621518.621,1603,1122
1753621518.668,1602,1122
1753621518.7,1602,1123
1753621518.717,1602,1124
1753621518.747,1601,1124
1753621518.784,1601,1125
1753621518.794,1601,1126
1753621518.794,1601,1126
1753621518.81,1601,1127
1753621518.82,1601,1128
1753621518.826,1601,1128
1753621518.842,1600,1128
1753621518.888,1599,1128
1753621518.888,1599,1130
1753621518.904,1599,1131
1753621518.921,1599,1132
1753621518.936,1599,1133
1753621518.954,1598,1133
1753621518.954,1598,1134
1753621518.998,1596,1135
1753621519.092,1596,1136
1753621519.101,1597,1136
1753621519.124,1596,1136
1753621519.149,1596,1136
1753621519.153,1595,1136
1753621519.171,1595,1135
1753621519.19,1595,1134
1753621519.203,1595,1133
1753621519.234,1595,1132
1753621519.265,1595,1131
1753621519.293,1595,1129
1753621519.315,1594,1128
1753621519.329,1594,1127
1753621519.36,1594,1126
1753621519.361,1594,1125
1753621519.376,1594,1124
1753621519.376,1593,1123
1753621519.401,1593,1122
1753621519.408,1593,1120
1753621519.424,1593,1119
1753621519.424,1592,1119
1753621519.441,1592,1118
1753621519.471,1592,1117
1753621519.471,1591,1117
1753621519.486,1591,1116
1753621519.486,1591,1115
1753621519.502,1590,1115
1753621519.518,1590,1114
1753621519.533,1590,1112
1753621519.533,1589,1111
1753621519.549,1589,1110
1753621519.565,1589,1109
1753621519.58,1587,1109
1753621519.58,1586,1109
1753621519.596,1586,1108
1753621519.611,1586,1107
1753621519.611,1585,1107
1753621519.611,1584,1106
1753621519.639,1583,1104
1753621519.658,1582,1104
1753621519.658,1582,1103
1753621519.674,1581,1103
1753621519.674,1579,1102
1753621519.705,1579,1101
1753621519.721,1579,1100
1753621519.736,1578,1100
1753621519.736,1578,1099
1753621519.767,1578,1098
1753621519.815,1577,1098
1753621519.815,1577,1096
1753621519.832,1577,1095
1753621519.862,1577,1094
1753621519.894,1577,1093
1753621519.909,1576,1093
1753621519.94,1576,1092
1753621519.94,1575,1092
1753621519.956,1575,1091
1753621519.956,1574,1091
1753621519.985,1573,1090
1753621519.987,1573,1089
1753621520.003,1573,1087
1753621520.003,1571,1087
1753621520.019,1571,1086
1753621520.035,1570,1086
1753621520.053,1569,1085
1753621520.064,1569,1084
1753621520.067,1568,1084
1753621520.081,1567,1083
1753621520.111,1566,1082
1753621520.128,1565,1082
1753621520.138,1565,1081
1753621520.15,1563,1081
1753621520.159,1563,1079
1753621520.191,1562,1079
1753621520.227,1562,1078
1753621520.269,1561,1078
1753621520.269,1561,1077
1753621520.316,1561,1076
1753621520.332,1560,1076
1753621520.332,1560,1075
1753621520.379,1560,1074
1753621520.41,1560,1073
1753621520.41,1559,1073
1753621520.441,1559,1071
1753621520.468,1558,1070
1753621520.505,1558,1069
1753621520.52,1558,1068
1753621520.552,1558,1067
1753621520.584,1557,1067
1753621520.615,1557,1066
1753621520.724,1557,1066
1753621520.761,1558,1066
1753621520.772,1559,1066
1753621520.803,1560,1066
1753621520.819,1561,1066
1753621520.841,1562,1066
1753621520.882,1564,1066
1753621520.882,1565,1066
1753621520.882,1566,1066
1753621520.898,1567,1066
1753621520.912,1568,1066
1753621520.917,1569,1066
1753621520.929,1570,1066
1753621520.962,1572,1066
1753621520.962,1573,1066
1753621520.962,1575,1066
1753621520.962,1576,1066
1753621520.976,1579,1066
1753621520.992,1581,1066
1753621520.992,1584,1064
1753621520.992,1585,1064
1753621521.007,1588,1063
1753621521.007,1589,1063
1753621521.023,1589,1062
1753621521.023,1590,1062
1753621521.039,1591,1062
1753621521.054,1592,1062
1753621521.066,1593,1062
1753621521.069,1596,1062
1753621521.069,1597,1061
1753621521.085,1598,1061
1753621521.085,1599,1061
1753621521.102,1600,1061
1753621521.102,1603,1061
1753621521.102,1604,1060
1753621521.117,1605,1058
1753621521.117,1607,1058
1753621521.132,1609,1057
1753621521.132,1609,1056
1753621521.148,1611,1056
1753621521.148,1612,1055
1753621521.164,1615,1055
1753621521.164,1616,1055
1753621521.179,1617,1055
1753621521.179,1619,1054
1753621521.198,1621,1054
1753621521.198,1622,1054
1753621521.211,1624,1053
1753621521.226,1624,1051
1753621521.258,1625,1051
1753621521.274,1626,1051
1753621521.276,1629,1051
1753621521.289,1630,1051
1753621521.289,1630,1050
1753621521.305,1631,1050
1753621521.308,1632,1050
1753621521.308,1633,1049
1753621521.321,1635,1049
1753621521.336,1636,1049
1753621521.336,1637,1049
1753621521.352,1638,1049
1753621521.383,1639,1049
1753621521.383,1640,1049
1753621521.399,1641,1048
1753621521.415,1642,1048
1753621521.431,1644,1048
1753621521.435,1645,1047
1753621521.435,1646,1047
1753621521.446,1647,1047
1753621521.446,1648,1047
1753621521.463,1649,1047
1753621521.463,1650,1046
1753621521.477,1652,1046
1753621521.51,1653,1046
1753621521.515,1654,1046
1753621521.515,1655,1046
1753621521.525,1655,1045
1753621521.525,1656,1045
1753621521.541,1657,1045
1753621521.556,1658,1045
1753621521.572,1660,1045
1753621521.587,1661,1045
1753621521.587,1662,1045
1753621521.619,1663,1043
1753621521.634,1664,1043
1753621521.65,1665,1043
1753621521.665,1666,1042
1753621521.681,1668,1042
1753621521.681,1669,1042
1753621521.697,1670,1041
1753621521.712,1671,1041
1753621521.712,1672,1041
1753621521.712,1673,1041
1753621521.728,1673,1040
1753621521.728,1674,1040
1753621521.744,1675,1040
1753621521.744,1677,1039
1753621521.775,1678,1039
1753621521.775,1678,1038
1753621521.79,1679,1038
1753621521.823,1680,1038
1753621521.838,1681,1038
1753621521.851,1682,1037
1753621521.855,1683,1036
1753621521.869,1685,1034
1753621521.869,1686,1034
1753621521.885,1686,1033
1753621521.902,1687,1033
1753621521.903,1688,1033
1753621521.916,1688,1032
1753621521.916,1689,1032
1753621521.933,1690,1031
1753621521.951,1691,1031
1753621521.953,1693,1031
1753621521.954,1693,1030
1753621521.964,1694,1030
1753621521.964,1695,1029
1753621521.981,1695,1028
1753621521.981,1696,1026
1753621521.981,1697,1026
1753621521.996,1698,1026
1753621522.006,1699,1025
1753621522.012,1702,1025
1753621522.027,1702,1024
1753621522.027,1703,1023
1753621522.036,1704,1022
1753621522.043,1706,1022
1753621522.043,1708,1021
1753621522.071,1709,1020
1753621522.072,1710,1020
1753621522.076,1711,1018
1753621522.091,1712,1017
1753621522.093,1713,1017
1753621522.093,1714,1017
1753621522.107,1716,1016
1753621522.107,1717,1016
1753621522.123,1718,1015
1753621522.133,1719,1014
1753621522.14,1720,1013
1753621522.141,1721,1013
1753621522.154,1724,1013
1753621522.154,1725,1012
1753621522.17,1726,1012
1753621522.17,1727,1010
1753621522.186,1728,1009
1753621522.203,1729,1009
1753621522.203,1731,1008
1753621522.203,1732,1007
1753621522.218,1733,1006
1753621522.218,1734,1006
1753621522.218,1735,1006
1753621522.233,1736,1005
1753621522.249,1737,1005
1753621522.249,1738,1004
1753621522.265,1740,1003
1753621522.28,1741,1003
1753621522.28,1741,1001
1753621522.28,1742,1001
1753621522.28,1742,1000
1753621522.296,1743,1000
1753621522.312,1744,1000
1753621522.312,1744,999
1753621522.327,1745,999
1753621522.327,1746,999
1753621522.343,1748,998
1753621522.343,1748,997
1753621522.358,1749,997
1753621522.358,1750,996
1753621522.358,1750,995
1753621522.374,1751,993
1753621522.374,1752,993
1753621522.39,1753,992
1753621522.39,1754,992
1753621522.405,1754,991
1753621522.405,1756,990
1753621522.421,1757,990
1753621522.436,1758,990
1753621522.468,1758,989
1753621522.483,1758,988
1753621522.483,1759,987
1753621522.515,1759,987
1753621522.546,1760,987
1753621522.573,1761,987
1753621522.593,1762,985
1753621522.64,1764,985
1753621522.672,1764,984
1753621522.689,1766,983
1753621522.694,1766,982
1753621522.703,1767,982
1753621522.707,1768,981
1753621522.719,1769,980
1753621522.728,1770,979
1753621522.738,1771,977
1753621522.742,1773,976
1753621522.755,1774,976
1753621522.764,1774,975
1753621522.767,1774,975
1753621522.775,1774,975
1753621522.785,1775,975
1753621522.801,1775,974
1753621522.801,1776,974
1753621522.814,1777,974
1753621522.821,1778,973
1753621522.821,1779,972
1753621522.83,1781,971
1753621522.846,1782,970
1753621522.864,1782,968
1753621522.893,1782,967
1753621522.903,1782,966
1753621522.942,1782,965
1753621522.953,1783,965
1753621522.975,1784,964
1753621522.977,1785,963
1753621522.988,1786,962
1753621522.99,1787,960
1753621522.993,1789,958
1753621523.022,1790,958
1753621523.022,1791,955
1753621523.039,1791,954
1753621523.039,1792,954
1753621523.055,1792,953
1753621523.069,1793,953
1753621523.075,1793,953
1753621523.088,1794,952
1753621523.103,1794,951
1753621523.105,1796,950
1753621523.118,1797,949
1753621523.136,1798,949
1753621523.148,1798,949
1753621523.159,1798,949
1753621523.163,1798,947
1753621523.179,1798,946
1753621523.187,1798,946
1753621523.214,1798,946
1753621523.214,1799,945
1753621523.227,1800,944
1753621523.242,1801,944
1753621523.251,1801,943
1753621523.278,1801,942
1753621523.291,1802,941
1753621523.307,1802,939
1753621523.32,1804,939
1753621523.335,1804,938
1753621523.338,1805,937
1753621523.369,1806,936
1753621523.371,1806,935
1753621523.371,1807,935
1753621523.385,1807,934
1753621523.385,1808,933
1753621523.404,1809,933
1753621523.433,1809,932
1753621523.449,1809,930
1753621523.451,1809,929
1753621523.496,1809,928
1753621523.52,1810,927
1753621523.536,1810,926
1753621523.574,1810,925
1753621523.586,1812,924
1753621523.609,1812,922
1753621523.609,1813,921
1753621523.612,1813,920
1753621523.636,1813,919
1753621523.639,1814,919
1753621523.653,1814,918
1753621523.654,1814,917
1753621523.67,1815,917
1753621523.686,1815,916
1753621523.687,1816,914
1753621523.7,1816,913
1753621523.72,1817,913
1753621523.72,1817,912
1753621523.733,1817,911
1753621523.766,1817,910
1753621523.785,1817,909
1753621523.801,1817,908
1753621523.808,1818,908
1753621523.819,1818,906
1753621523.844,1818,905
1753621523.875,1818,904
1753621523.892,1818,903
1753621523.899,1820,903
1753621523.917,1820,902
1753621523.924,1820,902
1753621523.924,1819,902
1753621523.934,1819,902
1753621523.973,1820,901
1753621523.989,1819,901
1753621524.05,1819,900
1753621524.066,1819,899
1753621524.095,1819,899
1753621524.101,1819,899
1753621524.121,1819,897
1753621524.176,1818,897
1753621524.186,1818,897
1753621524.217,1818,896
1753621524.238,1818,896
1753621524.255,1818,896
1753621524.287,1818,895
1753621524.318,1818,895
1753621524.353,1818,895
1753621524.366,1818,895
1753621524.382,1818,895
1753621524.412,1818,894
1753621524.444,1818,894
1753621524.461,1818,894
1753621524.603,1818,894
1753621524.618,1818,893
1753621524.634,1818,893
1753621524.652,1818,893
1753621524.662,1818,893
1753621524.697,1818,893
1753621524.712,1818,893
1753621524.733,1818,893
1753621524.75,1818,893
1753621524.792,1818,894
1753621524.824,1818,894
1753621524.903,1818,894
1753621524.94,1818,894
1753621524.94,1818,894
1753621524.985,1818,894
1753621525.154,1818,894
1753621525.173,1818,894
1753621525.196,1818,894
1753621525.231,1818,895
1753621525.239,1818,895
1753621525.252,1818,895
1753621525.254,1818,894
1753621525.284,1818,894
1753621525.3,1818,894
1753621525.332,1818,894
1753621525.349,1818,894
1753621525.426,1818,894
1753621525.451,1818,894
1753621525.507,1820,894
1753621525.513,1820,894
1753621525.539,1819,894
1753621525.551,1819,894
1753621525.569,1819,895
1753621525.571,1819,895
1753621525.573,1819,895
1753621525.586,1819,895
1753621525.589,1820,895
1753621525.618,1820,895
1753621525.633,1819,895
1753621525.637,1819,896
1753621525.664,1819,896
1753621525.695,1820,896
1753621525.727,1820,896
1753621525.741,1820,896
1753621525.759,1820,895
1753621525.773,1820,894
1753621525.789,1820,894
1753621525.805,1820,895
1753621525.884,1820,895
1753621525.941,1820,895
1753621525.996,1820,896
1753621525.996,1819,896
1753621526.027,1820,896
1753621526.036,1820,896
1753621526.09,1820,896
1753621526.105,1820,896
1753621526.168,1821,896
1753621526.21,1821,896
1753621526.243,1821,896
1753621526.294,1821,896
1753621526.299,1821,896
1753621526.31,1821,896
1753621526.325,1821,896
1753621526.357,1821,896
1753621526.388,1821,896
1753621526.405,1821,895
1753621526.452,1821,895
1753621526.483,1821,896
1753621526.495,1819,896
1753621526.498,1819,898
1753621526.515,1819,897
1753621526.532,1820,897
1753621526.539,1820,896
1753621526.642,1820,896
1753621526.65,1819,896
1753621526.66,1819,896
1753621526.679,1819,896
1753621526.706,1820,896
1753621526.74,1820,895
1753621526.833,1820,895
1753621526.833,1819,895
1753621526.864,1819,895
1753621526.876,1819,895
1753621526.879,1819,895
1753621526.962,1820,895
1753621526.991,1820,895
1753621527.006,1820,896
1753621527.022,1820,896
1753621527.038,1820,896
1753621527.045,1819,896
1753621527.054,1820,896
1753621527.08,1820,896
1753621527.081,1820,896
1753621527.092,1820,896
1753621527.133,1820,895
1753621527.149,1820,895
1753621527.18,1819,896
1753621527.198,1820,896
1753621527.214,1819,896
1753621527.231,1820,896
1753621527.231,1820,896
