RESOLUTION:3120,2080
1753619535.031,1525,1528
1753619535.1,1525,1527
1753619535.114,1524,1527
1753619535.122,1524,1527
1753619535.143,1524,1525
1753619535.158,1524,1525
1753619535.163,1524,1524
1753619535.178,1524,1523
1753619535.196,1524,1522
1753619535.209,1524,1521
1753619535.215,1523,1521
1753619535.227,1523,1520
1753619535.249,1522,1520
1753619535.251,1522,1520
1753619535.253,1522,1520
1753619535.262,1522,1520
1753619535.274,1521,1520
1753619535.29,1519,1520
1753619535.293,1519,1519
1753619535.336,1519,1518
1753619535.361,1519,1516
1753619535.376,1518,1516
1753619535.396,1517,1516
1753619535.399,1517,1515
1753619535.409,1516,1514
1753619535.462,1516,1513
1753619535.479,1516,1512
1753619535.515,1515,1512
1753619535.517,1515,1512
1753619535.535,1515,1511
1753619535.542,1515,1511
1753619535.563,1514,1511
1753619535.59,1514,1510
1753619535.629,1513,1510
1753619535.647,1512,1510
1753619535.662,1510,1510
1753619535.685,1509,1510
1753619535.71,1508,1508
1753619535.734,1507,1508
1753619535.78,1506,1508
1753619535.795,1506,1507
1753619535.795,1505,1507
1753619535.811,1504,1507
1753619535.833,1502,1507
1753619535.858,1501,1507
1753619535.895,1500,1507
1753619535.896,1499,1507
1753619535.913,1498,1507
1753619535.926,1498,1506
1753619535.943,1497,1506
1753619535.96,1494,1506
1753619535.985,1494,1506
1753619536.001,1493,1506
1753619536.018,1492,1506
1753619536.027,1491,1507
1753619536.045,1490,1509
1753619536.049,1490,1510
1753619536.061,1489,1510
1753619536.077,1487,1510
1753619536.082,1486,1511
1753619536.098,1485,1511
1753619536.101,1484,1511
1753619536.104,1484,1512
1753619536.112,1483,1512
1753619536.125,1482,1512
1753619536.144,1481,1512
1753619536.161,1480,1512
1753619536.162,1478,1513
1753619536.194,1477,1514
1753619536.208,1477,1515
1753619536.208,1476,1515
1753619536.224,1475,1515
1753619536.239,1474,1517
1753619536.281,1473,1517
1753619536.304,1472,1517
1753619536.311,1472,1518
1753619536.335,1472,1519
1753619536.343,1470,1519
1753619536.351,1469,1519
1753619536.359,1469,1520
1753619536.367,1468,1520
1753619536.383,1468,1521
1753619536.398,1467,1522
1753619536.414,1466,1522
1753619536.424,1466,1523
1753619536.43,1466,1524
1753619536.446,1466,1526
1753619536.446,1465,1526
1753619536.461,1465,1527
1753619536.461,1464,1528
1753619536.483,1462,1528
1753619536.493,1461,1528
1753619536.493,1460,1529
1753619536.493,1459,1530
1753619536.511,1458,1531
1753619536.525,1457,1532
1753619536.573,1456,1534
1753619536.589,1456,1535
1753619536.604,1454,1535
1753619536.636,1454,1536
1753619536.661,1454,1537
1753619536.668,1453,1537
1753619536.683,1453,1538
1753619536.684,1452,1539
1753619536.702,1452,1540
1753619536.715,1452,1542
1753619536.731,1452,1543
1753619536.747,1452,1544
1753619536.779,1452,1545
1753619536.779,1452,1546
1753619536.796,1452,1547
1753619536.811,1451,1548
1753619536.811,1451,1550
1753619536.826,1450,1551
1753619536.859,1450,1552
1753619536.89,1450,1553
1753619536.911,1450,1554
1753619536.921,1449,1554
1753619536.982,1449,1555
1753619537.001,1449,1556
1753619537.026,1448,1557
1753619537.033,1448,1559
1753619537.067,1448,1560
1753619537.08,1448,1561
1753619537.109,1448,1562
1753619537.112,1447,1562
1753619537.144,1447,1563
1753619537.162,1447,1564
1753619537.179,1445,1564
1753619537.179,1445,1565
1753619537.207,1444,1567
1753619537.221,1443,1568
1753619537.224,1443,1569
1753619537.244,1443,1570
1753619537.251,1442,1571
1753619537.255,1441,1572
1753619537.255,1440,1572
1753619537.264,1440,1573
1753619537.284,1439,1575
1753619537.286,1437,1576
1753619537.287,1436,1576
1753619537.294,1436,1578
1753619537.302,1435,1578
1753619537.309,1434,1581
1753619537.318,1434,1582
1753619537.329,1433,1583
1753619537.34,1432,1583
1753619537.344,1432,1584
1753619537.366,1432,1585
1753619537.397,1432,1586
1753619537.429,1432,1587
1753619537.445,1432,1589
1753619537.465,1433,1590
1753619537.49,1433,1591
1753619537.509,1433,1592
1753619537.509,1434,1592
1753619537.525,1434,1593
1753619537.556,1434,1594
1753619537.572,1435,1594
1753619537.588,1435,1595
1753619537.603,1435,1597
1753619537.611,1435,1598
1753619537.619,1435,1599
1753619537.635,1435,1600
1753619537.637,1435,1601
1753619537.651,1435,1602
1753619537.668,1435,1605
1753619537.668,1435,1606
1753619537.683,1435,1607
1753619537.683,1436,1608
1753619537.699,1436,1609
1753619537.699,1436,1610
1753619537.715,1436,1611
1753619537.725,1436,1613
1753619537.731,1436,1614
1753619537.731,1436,1615
1753619537.748,1437,1616
1753619537.748,1437,1617
1753619537.748,1437,1618
1753619537.763,1437,1619
1753619537.763,1437,1621
1753619537.778,1437,1622
1753619537.778,1437,1624
1753619537.794,1439,1624
1753619537.794,1439,1625
1753619537.811,1439,1626
1753619537.827,1440,1628
1753619537.827,1440,1629
1753619537.845,1441,1630
1753619537.859,1442,1631
1753619537.89,1443,1632
1753619537.89,1444,1632
1753619537.913,1444,1633
1753619537.916,1445,1633
1753619537.927,1447,1633
1753619537.931,1447,1634
1753619537.939,1448,1634
1753619537.953,1449,1634
1753619537.969,1450,1634
1753619537.993,1451,1634
1753619538.0,1452,1634
1753619538.013,1453,1634
1753619538.032,1455,1634
1753619538.032,1456,1634
1753619538.048,1457,1634
1753619538.057,1458,1634
1753619538.064,1459,1634
1753619538.081,1460,1634
1753619538.096,1461,1634
1753619538.112,1461,1634
1753619538.126,1462,1634
1753619538.144,1464,1634
1753619538.148,1465,1634
1753619538.176,1466,1634
1753619538.208,1467,1633
1753619538.23,1468,1633
1753619538.248,1469,1633
1753619538.263,1469,1632
1753619538.269,1470,1632
1753619538.289,1473,1632
1753619538.309,1474,1632
1753619538.312,1474,1631
1753619538.312,1475,1631
1753619538.327,1476,1631
1753619538.335,1477,1631
1753619538.358,1479,1630
1753619538.358,1480,1630
1753619538.383,1481,1629
1753619538.399,1482,1629
1753619538.404,1483,1627
1753619538.41,1484,1627
1753619538.427,1484,1626
1753619538.431,1485,1626
1753619538.436,1487,1625
1753619538.478,1488,1624
1753619538.478,1489,1623
1753619538.494,1489,1622
1753619538.507,1490,1622
1753619538.512,1490,1621
1753619538.527,1490,1619
1753619538.543,1490,1618
1753619538.55,1491,1618
1753619538.557,1491,1617
1753619538.557,1491,1616
1753619538.577,1492,1615
1753619538.589,1492,1614
1753619538.609,1492,1613
1753619538.612,1492,1611
1753619538.62,1493,1611
1753619538.62,1493,1610
1753619538.636,1493,1609
1753619538.64,1493,1608
1753619538.652,1494,1607
1753619538.66,1496,1606
1753619538.669,1497,1605
1753619538.676,1498,1604
1753619538.684,1499,1602
1753619538.7,1499,1601
1753619538.7,1500,1600
1753619538.708,1501,1599
1753619538.716,1501,1598
1753619538.728,1502,1597
1753619538.729,1502,1596
1753619538.744,1504,1596
1753619538.748,1505,1594
1753619538.758,1506,1593
1753619538.763,1506,1592
1753619538.779,1506,1591
1753619538.779,1507,1590
1753619538.793,1510,1587
1753619538.796,1511,1586
1753619538.796,1512,1584
1753619538.811,1513,1584
1753619538.811,1513,1583
1753619538.826,1513,1581
1753619538.829,1514,1580
1753619538.842,1514,1579
1753619538.859,1515,1578
1753619538.859,1515,1577
1753619538.874,1515,1576
1753619538.894,1515,1575
1753619538.894,1517,1573
1753619538.894,1518,1572
1753619538.907,1519,1572
1753619538.913,1520,1571
1753619538.922,1520,1570
1753619538.927,1521,1570
1753619538.941,1521,1568
1753619538.954,1521,1566
1753619538.959,1521,1565
1753619538.968,1521,1564
1753619538.971,1522,1563
1753619538.985,1522,1562
1753619538.993,1522,1561
1753619539.001,1523,1560
1753619539.025,1523,1557
1753619539.026,1524,1557
1753619539.032,1524,1556
1753619539.036,1525,1555
1753619539.044,1525,1554
1753619539.048,1527,1554
1753619539.055,1527,1553
1753619539.074,1528,1551
1753619539.079,1529,1550
1753619539.097,1529,1549
1753619539.104,1529,1548
1753619539.108,1530,1547
1753619539.111,1530,1546
1753619539.111,1531,1545
1753619539.127,1531,1543
1753619539.139,1531,1542
1753619539.143,1531,1541
1753619539.146,1532,1541
1753619539.158,1532,1540
1753619539.177,1532,1539
1753619539.177,1533,1538
1753619539.193,1533,1537
1753619539.205,1533,1536
1753619539.222,1535,1534
1753619539.223,1535,1533
1753619539.225,1536,1532
1753619539.235,1536,1531
1753619539.249,1536,1530
1753619539.256,1537,1530
1753619539.256,1537,1529
1753619539.285,1538,1529
1753619539.313,1538,1528
1753619539.319,1539,1528
1753619539.323,1539,1526
1753619539.333,1540,1526
1753619539.342,1540,1525
1753619539.349,1541,1524
1753619539.362,1541,1523
1753619539.38,1543,1523
1753619539.38,1544,1523
1753619539.396,1544,1522
1753619539.396,1545,1522
1753619539.41,1545,1521
1753619539.444,1546,1521
1753619539.444,1547,1520
1753619539.477,1550,1520
1753619539.492,1551,1520
1753619539.505,1552,1520
1753619539.507,1553,1520
1753619539.509,1553,1518
1753619539.526,1553,1517
1753619539.526,1553,1516
1753619539.555,1553,1515
1753619539.576,1554,1515
1753619539.59,1555,1515
1753619539.603,1556,1515
1753619539.614,1556,1514
1753619539.635,1556,1513
1753619539.635,1557,1513
1753619539.643,1557,1512
1753619539.699,1559,1510
1753619539.702,1560,1510
1753619539.715,1560,1509
1753619539.729,1560,1509
1753619539.744,1560,1509
1753619539.745,1560,1509
1753619539.761,1560,1509
1753619539.776,1558,1509
1753619539.792,1559,1509
1753619539.792,1558,1508
1753619539.84,1558,1508
1753619539.84,1559,1508
1753619539.921,1560,1509
1753619539.966,1560,1509
1753619539.989,1560,1509
1753619539.999,1560,1509
1753619540.008,1560,1509
1753619540.032,1560,1509
1753619540.037,1560,1509
1753619540.062,1560,1509
1753619540.077,1560,1509
1753619540.094,1560,1509
1753619540.108,1560,1511
1753619540.115,1558,1511
1753619540.142,1557,1511
1753619540.161,1557,1512
1753619540.161,1556,1512
1753619540.175,1555,1512
1753619540.192,1554,1512
1753619540.21,1553,1512
1753619540.235,1552,1513
1753619540.251,1552,1514
1753619540.261,1551,1514
1753619540.267,1549,1514
1753619540.274,1548,1514
1753619540.296,1547,1514
1753619540.299,1547,1515
1753619540.316,1546,1515
1753619540.331,1546,1516
1753619540.343,1545,1516
1753619540.347,1544,1516
1753619540.359,1544,1517
1753619540.363,1544,1519
1753619540.378,1543,1519
1753619540.378,1541,1519
1753619540.394,1540,1520
1753619540.41,1540,1521
1753619540.428,1539,1522
1753619540.459,1539,1523
1753619540.479,1539,1524
1753619540.481,1538,1524
1753619540.497,1538,1525
1753619540.506,1538,1527
1753619540.511,1538,1528
1753619540.539,1538,1529
1753619540.546,1538,1530
1753619540.564,1537,1530
1753619540.579,1537,1531
1753619540.58,1537,1532
1753619540.581,1536,1532
1753619540.594,1536,1533
1753619540.601,1536,1535
1753619540.628,1536,1536
1753619540.633,1536,1537
1753619540.648,1536,1538
1753619540.677,1536,1539
1753619540.696,1535,1540
1753619540.716,1535,1541
1753619540.73,1533,1541
1753619540.744,1533,1542
1753619540.752,1532,1544
1753619540.766,1532,1546
1753619540.774,1532,1547
1753619540.777,1531,1548
1753619540.782,1530,1549
1753619540.792,1529,1551
1753619540.808,1528,1552
1753619540.816,1527,1553
1753619540.826,1525,1554
1753619540.845,1525,1555
1753619540.856,1525,1556
1753619540.86,1524,1556
1753619540.877,1524,1557
1753619540.89,1524,1559
1753619540.89,1523,1560
1753619540.92,1522,1562
1753619540.92,1522,1565
1753619540.943,1521,1567
1753619540.943,1518,1569
1753619540.952,1515,1572
1753619540.959,1514,1574
1753619540.969,1511,1579
1753619540.976,1509,1582
1753619540.984,1506,1584
1753619540.984,1506,1587
1753619540.998,1505,1590
1753619541.009,1504,1591
1753619541.013,1504,1592
1753619541.015,1503,1593
1753619541.031,1503,1594
1753619541.047,1503,1595
1753619541.048,1503,1597
1753619541.094,1503,1598
1753619541.112,1503,1598
1753619541.127,1503,1599
1753619541.165,1504,1600
1753619541.178,1504,1601
1753619541.195,1505,1601
1753619541.201,1505,1602
1753619541.255,1505,1603
1753619541.275,1505,1605
1753619541.297,1505,1606
1753619541.316,1505,1607
1753619541.326,1505,1608
1753619541.347,1505,1609
1753619541.36,1505,1610
1753619541.384,1505,1611
1753619541.391,1505,1613
1753619541.412,1505,1614
1753619541.419,1505,1615
1753619541.444,1505,1616
1753619541.491,1505,1617
1753619541.496,1506,1617
1753619541.523,1506,1618
1753619541.539,1507,1619
1753619541.572,1509,1620
1753619541.602,1509,1622
1753619541.618,1510,1622
1753619541.65,1510,1623
1753619541.65,1511,1623
1753619541.697,1512,1624
1753619541.73,1513,1624
1753619541.745,1514,1624
1753619541.745,1515,1624
1753619541.793,1517,1624
1753619541.815,1518,1624
1753619541.819,1519,1624
1753619541.827,1520,1625
1753619541.843,1521,1625
1753619541.862,1522,1625
1753619541.864,1523,1625
1753619541.877,1525,1625
1753619541.889,1526,1625
1753619541.894,1526,1626
1753619541.898,1527,1626
1753619541.91,1528,1626
1753619541.914,1528,1627
1753619541.927,1529,1627
1753619541.936,1530,1627
1753619541.943,1531,1627
1753619541.961,1533,1627
1753619541.969,1534,1626
1753619541.975,1535,1626
1753619542.0,1536,1626
1753619542.008,1537,1626
1753619542.015,1537,1625
1753619542.026,1538,1625
1753619542.04,1539,1625
1753619542.047,1540,1625
1753619542.072,1542,1624
1753619542.079,1543,1623
1753619542.079,1544,1623
1753619542.1,1545,1623
1753619542.111,1546,1623
1753619542.111,1546,1621
1753619542.126,1547,1621
1753619542.126,1547,1620
1753619542.143,1548,1620
1753619542.151,1548,1619
1753619542.151,1550,1619
1753619542.16,1551,1619
1753619542.17,1551,1618
1753619542.176,1552,1617
1753619542.194,1552,1616
1753619542.194,1553,1616
1753619542.223,1554,1615
1753619542.223,1554,1614
1753619542.23,1555,1614
1753619542.239,1555,1612
1753619542.242,1556,1611
1753619542.259,1556,1610
1753619542.265,1558,1610
1753619542.276,1559,1610
1753619542.278,1559,1609
1753619542.285,1560,1609
1753619542.301,1560,1608
1753619542.306,1561,1607
1753619542.309,1562,1606
1753619542.317,1565,1604
1753619542.325,1567,1604
1753619542.339,1569,1602
1753619542.341,1570,1600
1753619542.344,1571,1599
1753619542.351,1571,1598
1753619542.358,1572,1597
1753619542.381,1573,1597
1753619542.382,1573,1596
1753619542.413,1573,1595
1753619542.423,1573,1594
1753619542.428,1573,1592
1753619542.445,1574,1591
1753619542.445,1574,1590
1753619542.463,1575,1589
1753619542.467,1575,1588
1753619542.476,1577,1588
1753619542.492,1577,1586
1753619542.494,1578,1584
1753619542.496,1579,1583
1753619542.51,1580,1582
1753619542.528,1581,1581
1753619542.53,1582,1577
1753619542.531,1584,1574
1753619542.542,1585,1570
1753619542.544,1587,1566
1753619542.556,1590,1561
1753619542.562,1591,1558
1753619542.572,1594,1554
1753619542.574,1595,1551
1753619542.619,1595,1550
1753619542.627,1598,1543
1753619542.634,1599,1543
1753619542.662,1599,1542
1753619542.666,1599,1542
1753619542.666,1599,1540
1753619542.697,1599,1539
1753619542.714,1599,1539
1753619542.727,1599,1539
1753619542.745,1599,1538
1753619542.762,1599,1537
1753619542.774,1599,1537
1753619542.779,1599,1536
1753619542.788,1600,1535
1753619542.8,1600,1534
1753619542.803,1601,1534
1753619542.808,1601,1531
1753619542.812,1601,1530
1753619542.818,1602,1529
1753619542.828,1602,1528
1753619542.831,1602,1527
1753619542.842,1603,1527
1753619542.858,1605,1527
1753619542.872,1606,1527
1753619542.874,1607,1525
1753619542.89,1608,1525
1753619542.908,1608,1524
1753619542.927,1608,1523
1753619542.952,1608,1522
1753619542.967,1608,1521
1753619542.972,1608,1520
1753619542.991,1609,1520
1753619543.0,1609,1519
1753619543.0,1609,1517
1753619543.015,1610,1517
1753619543.032,1610,1516
1753619543.035,1611,1516
1753619543.048,1611,1515
1753619543.049,1613,1514
1753619543.076,1614,1513
1753619543.077,1614,1512
1753619543.09,1615,1511
1753619543.104,1616,1511
1753619543.116,1617,1510
1753619543.12,1618,1508
1753619543.125,1619,1507
1753619543.127,1621,1506
1753619543.141,1621,1505
1753619543.145,1622,1504
1753619543.16,1623,1503
1753619543.163,1624,1502
1753619543.174,1624,1500
1753619543.181,1625,1500
1753619543.236,1626,1500
1753619543.259,1626,1499
1753619543.261,1626,1498
1753619543.28,1627,1498
1753619543.371,1629,1498
1753619543.394,1629,1498
1753619543.472,1628,1498
1753619543.488,1628,1499
1753619543.514,1627,1499
1753619543.52,1626,1499
1753619543.537,1625,1499
1753619543.56,1624,1499
1753619543.561,1624,1499
1753619543.568,1624,1501
1753619543.579,1623,1501
1753619543.581,1623,1502
1753619543.584,1622,1503
1753619543.6,1622,1504
1753619543.616,1620,1504
1753619543.631,1619,1505
1753619543.64,1618,1506
1753619543.647,1618,1507
1753619543.659,1617,1507
1753619543.674,1616,1507
1753619543.679,1615,1509
1753619543.692,1614,1510
1753619543.695,1612,1510
1753619543.71,1612,1511
1753619543.71,1611,1512
1753619543.727,1610,1513
1753619543.73,1610,1514
1753619543.742,1609,1515
1753619543.742,1608,1516
1753619543.757,1607,1516
1753619543.759,1606,1519
1753619543.764,1606,1520
1753619543.774,1604,1521
1753619543.774,1603,1522
1753619543.791,1602,1524
1753619543.793,1602,1525
1753619543.793,1601,1526
1753619543.807,1601,1527
1753619543.807,1600,1528
1753619543.822,1599,1529
1753619543.838,1599,1530
1753619543.86,1599,1531
1753619543.875,1599,1533
1753619543.878,1599,1534
1753619543.89,1599,1535
1753619543.893,1599,1536
1753619543.901,1599,1538
1753619543.909,1597,1541
1753619543.917,1596,1544
1753619543.926,1593,1548
1753619543.94,1592,1551
1753619543.942,1590,1554
1753619543.944,1589,1557
1753619543.951,1588,1559
1753619543.959,1588,1562
1753619543.975,1588,1563
1753619543.975,1588,1564
1753619543.98,1586,1565
1753619544.028,1586,1566
1753619544.138,1586,1568
1753619544.138,1586,1569
1753619544.158,1585,1569
1753619544.173,1585,1570
1753619544.191,1584,1570
1753619544.206,1584,1571
1753619544.234,1584,1572
1753619544.242,1584,1573
1753619544.256,1584,1574
1753619544.261,1584,1576
1753619544.265,1584,1577
1753619544.271,1584,1578
1753619544.282,1583,1578
1753619544.305,1582,1579
1753619544.312,1582,1580
1753619544.34,1581,1580
1753619544.342,1581,1581
1753619544.344,1581,1582
1753619544.36,1580,1584
1753619544.361,1580,1585
1753619544.384,1580,1586
1753619544.388,1578,1587
1753619544.391,1578,1588
1753619544.391,1578,1589
1753619544.407,1577,1590
1753619544.424,1577,1591
1753619544.425,1577,1593
1753619544.425,1576,1594
1753619544.439,1576,1595
1753619544.446,1575,1596
1753619544.456,1575,1597
1753619544.473,1575,1598
1753619544.474,1574,1599
1753619544.487,1574,1601
1753619544.491,1574,1602
1753619544.503,1573,1603
1753619544.508,1572,1604
1753619544.508,1572,1605
1753619544.519,1572,1606
1753619544.523,1572,1609
1753619544.534,1570,1611
1753619544.534,1570,1613
1753619544.551,1570,1614
1753619544.555,1569,1616
1753619544.559,1569,1617
1753619544.566,1569,1620
1753619544.581,1568,1622
1753619544.581,1568,1624
1753619544.597,1568,1625
1753619544.601,1568,1626
1753619544.623,1568,1627
1753619544.628,1568,1628
1753619544.632,1566,1629
1753619544.645,1566,1630
1753619544.667,1566,1632
1753619544.695,1566,1633
1753619544.708,1566,1634
1753619544.724,1566,1635
1753619544.739,1566,1636
1753619544.788,1566,1637
1753619544.793,1566,1638
1753619544.825,1566,1640
1753619544.842,1566,1641
1753619544.859,1566,1642
1753619544.873,1567,1642
1753619544.891,1567,1643
1753619544.993,1567,1643
1753619545.011,1568,1643
1753619545.019,1569,1642
1753619545.025,1569,1641
1753619545.056,1570,1641
1753619545.062,1570,1639
1753619545.062,1570,1638
1753619545.08,1570,1637
1753619545.097,1571,1637
1753619545.102,1571,1636
1753619545.111,1571,1635
1753619545.126,1572,1632
1753619545.14,1572,1631
1753619545.147,1572,1630
1753619545.167,1572,1629
1753619545.167,1574,1628
1753619545.175,1574,1627
1753619545.179,1574,1626
1753619545.189,1574,1624
1753619545.192,1575,1623
1753619545.208,1575,1622
1753619545.214,1575,1621
1753619545.224,1576,1621
1753619545.238,1576,1620
1753619545.252,1576,1619
1753619545.253,1577,1619
1753619545.259,1577,1618
1753619545.273,1577,1616
1753619545.279,1577,1615
1753619545.293,1577,1614
1753619545.293,1577,1613
1753619545.302,1578,1612
1753619545.309,1578,1611
1753619545.321,1578,1610
1753619545.326,1578,1608
1753619545.326,1578,1607
1753619545.343,1579,1606
1753619545.358,1579,1605
1753619545.361,1579,1604
1753619545.377,1580,1603
1753619545.379,1581,1602
1753619545.381,1583,1599
1753619545.392,1583,1598
1753619545.4,1585,1597
1753619545.405,1585,1596
1753619545.407,1586,1596
1753619545.42,1586,1593
1753619545.422,1588,1592
1753619545.436,1588,1591
1753619545.452,1589,1590
1753619545.458,1590,1589
1753619545.468,1591,1588
1753619545.474,1592,1586
1753619545.483,1593,1586
1753619545.498,1594,1584
1753619545.498,1596,1581
1753619545.498,1597,1581
1753619545.505,1598,1580
1753619545.515,1599,1579
1753619545.515,1599,1578
1753619545.53,1601,1575
1753619545.53,1602,1574
1753619545.546,1603,1574
1753619545.547,1604,1573
1753619545.559,1604,1572
1753619545.562,1605,1571
1753619545.578,1606,1570
1753619545.594,1607,1568
1753619545.638,1607,1567
1753619545.641,1611,1563
1753619545.65,1611,1562
1753619545.654,1612,1562
1753619545.658,1613,1559
1753619545.66,1614,1559
1753619545.673,1614,1558
1753619545.677,1614,1557
1753619545.689,1615,1556
1753619545.689,1617,1556
1753619545.704,1618,1555
1753619545.704,1618,1553
1753619545.72,1619,1553
1753619545.72,1620,1552
1753619545.738,1621,1551
1753619545.758,1622,1550
1753619545.774,1623,1549
1753619545.784,1625,1549
1753619545.791,1626,1548
1753619545.8,1626,1547
1753619545.801,1627,1547
1753619545.816,1628,1547
1753619545.821,1628,1545
1753619545.827,1629,1544
1753619545.831,1630,1543
1753619545.843,1631,1542
1753619545.847,1632,1542
1753619545.855,1634,1541
1753619545.861,1635,1540
1753619545.864,1636,1539
1753619545.879,1637,1537
1753619545.896,1638,1537
1753619545.896,1639,1536
1753619545.911,1642,1535
1753619545.911,1645,1532
1753619545.925,1647,1531
1753619545.928,1650,1529
1753619545.934,1653,1528
1753619545.944,1656,1527
1753619545.954,1657,1526
1753619545.964,1658,1526
1753619545.97,1659,1526
1753619545.975,1660,1526
1753619545.977,1660,1524
1753619545.99,1661,1524
1753619546.023,1661,1523
1753619546.025,1662,1523
1753619546.043,1664,1523
1753619546.06,1664,1523
1753619546.073,1665,1523
1753619546.087,1666,1523
1753619546.091,1666,1525
1753619546.108,1667,1525
1753619546.134,1668,1526
1753619546.165,1669,1526
1753619546.177,1669,1527
1753619546.198,1670,1527
1753619546.213,1672,1527
1753619546.226,1672,1528
1753619546.228,1673,1528
1753619546.261,1674,1528
1753619546.292,1674,1529
1753619546.293,1675,1529
1753619546.295,1675,1530
1753619546.325,1675,1531
1753619546.343,1675,1533
1753619546.355,1675,1534
1753619546.36,1676,1535
1753619546.364,1676,1537
1753619546.374,1676,1538
1753619546.378,1676,1541
1753619546.391,1676,1543
1753619546.407,1677,1545
1753619546.414,1677,1547
1753619546.426,1677,1548
1753619546.446,1677,1549
1753619546.45,1677,1550
1753619546.466,1677,1551
1753619546.49,1677,1553
1753619546.507,1677,1554
1753619546.531,1677,1555
1753619546.561,1677,1555
1753619546.579,1677,1556
1753619546.581,1677,1557
1753619546.593,1676,1558
1753619546.593,1675,1561
1753619546.616,1675,1562
1753619546.642,1674,1563
1753619546.643,1674,1564
1753619546.645,1674,1565
1753619546.645,1674,1566
1753619546.658,1672,1568
1753619546.689,1672,1569
1753619546.698,1671,1569
1753619546.704,1671,1570
1753619546.708,1671,1571
1753619546.725,1671,1573
1753619546.74,1671,1575
1753619546.742,1670,1576
1753619546.754,1670,1577
1753619546.766,1670,1578
1753619546.769,1669,1579
1753619546.774,1669,1580
1753619546.774,1668,1581
1753619546.789,1668,1583
1753619546.798,1667,1584
1753619546.798,1667,1585
1753619546.814,1667,1586
1753619546.83,1667,1587
1753619546.857,1666,1588
1753619546.873,1666,1589
1753619546.878,1664,1591
1753619546.878,1664,1592
1753619546.894,1664,1593
1753619546.894,1664,1594
1753619546.909,1663,1595
1753619546.909,1663,1596
1753619546.909,1662,1599
1753619546.925,1661,1600
1753619546.931,1661,1601
1753619546.943,1660,1604
1753619546.943,1658,1606
1753619546.957,1657,1611
1753619546.957,1656,1612
1753619546.967,1656,1613
1753619546.975,1656,1615
1753619546.989,1654,1618
1753619546.989,1653,1618
1753619546.989,1653,1619
1753619547.006,1653,1620
1753619547.021,1653,1621
1753619547.021,1652,1623
1753619547.021,1652,1624
1753619547.042,1652,1625
1753619547.083,1651,1625
1753619547.1,1651,1626
1753619547.115,1650,1626
1753619547.131,1650,1627
1753619547.14,1650,1628
1753619547.146,1650,1629
1753619547.154,1649,1629
1753619547.155,1647,1632
1753619547.174,1647,1633
1753619547.178,1646,1636
1753619547.178,1645,1637
1753619547.195,1645,1638
1753619547.211,1644,1640
1753619547.241,1643,1641
1753619547.258,1643,1643
1753619547.273,1641,1644
1753619547.287,1641,1645
1753619547.291,1640,1646
1753619547.302,1639,1646
1753619547.307,1639,1647
1753619547.31,1638,1648
1753619547.323,1637,1649
1753619547.323,1637,1651
1753619547.333,1637,1652
1753619547.338,1637,1653
1753619547.35,1636,1653
1753619547.419,1636,1653
1753619547.428,1636,1653
1753619547.448,1636,1652
1753619547.463,1636,1650
1753619547.47,1636,1649
1753619547.48,1636,1648
1753619547.487,1636,1647
1753619547.488,1636,1646
1753619547.495,1636,1645
1753619547.504,1636,1644
1753619547.513,1637,1642
1753619547.526,1637,1640
1753619547.528,1637,1639
1753619547.53,1637,1638
1753619547.54,1638,1637
1753619547.558,1638,1636
1753619547.573,1638,1634
1753619547.576,1638,1633
1753619547.589,1639,1632
1753619547.604,1639,1631
1753619547.606,1639,1629
1753619547.608,1641,1626
1753619547.623,1641,1625
1753619547.626,1641,1624
1753619547.636,1642,1622
1753619547.636,1642,1621
1753619547.651,1642,1620
1753619547.656,1643,1619
1753619547.675,1643,1618
1753619547.683,1643,1617
1753619547.692,1643,1616
1753619547.699,1644,1614
1753619547.716,1645,1613
1753619547.725,1645,1612
1753619547.731,1646,1611
1753619547.737,1648,1610
1753619547.755,1648,1609
1753619547.76,1649,1608
1753619547.763,1649,1606
1753619547.763,1650,1605
1753619547.779,1651,1604
1753619547.795,1651,1603
1753619547.806,1652,1602
1753619547.81,1653,1601
1753619547.826,1653,1600
1753619547.826,1654,1599
1753619547.842,1655,1597
1753619547.856,1655,1596
1753619547.858,1657,1595
1753619547.872,1658,1594
1753619547.874,1659,1593
1753619547.874,1659,1592
1753619547.89,1660,1591
1753619547.89,1661,1589
1753619547.907,1662,1588
1753619547.907,1663,1587
1753619547.926,1663,1586
1753619547.928,1665,1586
1753619547.939,1665,1585
1753619547.939,1666,1584
1753619547.962,1666,1583
1753619547.962,1667,1581
1753619547.973,1668,1581
1753619547.977,1668,1580
1753619547.985,1669,1579
1753619547.998,1670,1578
1753619548.002,1670,1577
1753619548.008,1671,1576
1753619548.017,1673,1575
1753619548.032,1674,1573
1753619548.032,1675,1572
1753619548.032,1676,1571
1753619548.041,1676,1570
1753619548.048,1677,1569
1753619548.058,1677,1568
1753619548.072,1678,1568
1753619548.08,1679,1567
1753619548.08,1681,1567
1753619548.108,1681,1566
1753619548.112,1682,1564
1753619548.112,1683,1563
1753619548.128,1683,1562
1753619548.131,1684,1561
1753619548.145,1684,1560
1753619548.154,1684,1559
1753619548.154,1685,1559
1753619548.16,1686,1558
1753619548.176,1686,1556
1753619548.193,1687,1555
1753619548.193,1690,1554
1753619548.197,1691,1551
1753619548.207,1694,1550
1753619548.209,1695,1547
1753619548.221,1698,1546
1753619548.223,1699,1543
1753619548.237,1702,1540
1753619548.239,1702,1539
1753619548.239,1705,1538
1753619548.27,1706,1537
1753619548.272,1707,1536
1753619548.291,1708,1536
1753619548.293,1708,1534
1753619548.302,1709,1534
1753619548.318,1709,1533
1753619548.334,1710,1533
1753619548.355,1710,1532
1753619548.358,1712,1532
1753619548.378,1712,1531
1753619548.386,1713,1531
1753619548.412,1714,1531
1753619548.416,1715,1530
1753619548.434,1716,1530
1753619548.446,1717,1530
1753619548.446,1718,1529
1753619548.476,1720,1529
1753619548.49,1721,1529
1753619548.494,1722,1528
1753619548.51,1723,1528
1753619548.524,1724,1526
1753619548.524,1725,1526
1753619548.542,1726,1525
1753619548.559,1728,1524
1753619548.575,1729,1524
1753619548.575,1729,1523
1753619548.59,1730,1523
1753619548.605,1731,1523
1753619548.624,1732,1522
1753619548.624,1733,1522
1753619548.635,1734,1521
1753619548.65,1735,1521
1753619548.666,1737,1521
1753619548.682,1738,1521
1753619548.692,1739,1521
1753619548.708,1740,1520
1753619548.708,1741,1520
1753619548.714,1742,1520
1753619548.73,1742,1520
1753619548.746,1742,1520
1753619548.763,1743,1520
1753619548.787,1745,1520
1753619548.815,1746,1520
1753619548.818,1746,1521
1753619548.825,1747,1521
1753619548.841,1747,1522
1753619548.857,1748,1522
1753619548.86,1749,1522
1753619548.874,1749,1522
1753619548.875,1749,1523
1753619548.889,1749,1523
1753619548.904,1749,1524
1753619548.923,1749,1525
1753619548.937,1750,1527
1753619548.952,1750,1528
1753619548.973,1750,1529
1753619549.016,1750,1530
1753619549.038,1750,1531
1753619549.076,1750,1532
1753619549.078,1750,1533
1753619549.096,1750,1535
1753619549.096,1750,1536
1753619549.112,1750,1537
1753619549.132,1750,1538
1753619549.146,1750,1539
1753619549.146,1750,1540
1753619549.16,1749,1541
1753619549.176,1748,1543
1753619549.196,1748,1544
1753619549.2,1747,1545
1753619549.213,1746,1546
1753619549.215,1746,1547
1753619549.215,1744,1547
1753619549.226,1744,1548
1753619549.239,1744,1549
1753619549.253,1743,1549
1753619549.256,1743,1551
1753619549.262,1743,1552
1753619549.288,1743,1553
1753619549.288,1743,1554
1753619549.296,1742,1554
1753619549.308,1742,1555
1753619549.316,1742,1556
1753619549.33,1742,1557
1753619549.337,1741,1560
1753619549.34,1741,1561
1753619549.349,1740,1562
1753619549.349,1739,1563
1753619549.367,1739,1564
1753619549.368,1738,1566
1753619549.379,1738,1567
1753619549.383,1738,1568
1753619549.407,1736,1569
1753619549.413,1736,1570
1753619549.429,1735,1570
1753619549.444,1735,1571
1753619549.46,1735,1572
1753619549.471,1734,1574
1753619549.475,1734,1575
1753619549.475,1734,1576
1753619549.491,1734,1577
1753619549.491,1733,1578
1753619549.506,1733,1579
1753619549.507,1732,1582
1753619549.507,1732,1584
1753619549.529,1732,1585
1753619549.529,1729,1587
1753619549.539,1729,1588
1753619549.555,1729,1589
1753619549.555,1728,1590
1753619549.57,1727,1590
1753619549.57,1726,1591
1753619549.59,1726,1592
1753619549.597,1726,1593
1753619549.601,1725,1593
1753619549.605,1725,1595
1753619549.617,1725,1596
1753619549.627,1725,1597
1753619549.629,1725,1599
1753619549.634,1724,1600
1753619549.634,1724,1602
1753619549.649,1722,1603
1753619549.655,1722,1604
1753619549.665,1722,1605
1753619549.665,1722,1606
1753619549.681,1721,1607
1753619549.687,1721,1608
1753619549.689,1720,1610
1753619549.696,1719,1611
1753619549.706,1719,1612
1753619549.713,1719,1613
1753619549.724,1719,1614
1753619549.728,1719,1617
1753619549.728,1719,1618
1753619549.744,1719,1619
1753619549.755,1719,1620
1753619549.76,1719,1621
1753619549.777,1719,1622
1753619549.808,1719,1623
1753619549.829,1719,1624
1753619549.829,1719,1626
1753619549.843,1719,1627
1753619549.856,1720,1628
1753619549.857,1721,1629
1753619549.873,1723,1630
1753619549.873,1724,1630
1753619549.888,1724,1631
1753619549.894,1725,1631
1753619549.905,1726,1632
1753619549.92,1727,1632
1753619549.92,1727,1634
1753619549.936,1728,1634
1753619549.952,1729,1635
1753619549.967,1730,1635
1753619549.99,1732,1635
1753619549.994,1733,1635
1753619549.995,1734,1636
1753619549.999,1735,1636
1753619550.004,1736,1636
1753619550.021,1737,1637
1753619550.03,1738,1637
1753619550.03,1740,1638
1753619550.046,1741,1638
1753619550.062,1742,1638
1753619550.062,1743,1638
1753619550.078,1744,1638
1753619550.094,1745,1638
1753619550.11,1746,1638
1753619550.123,1749,1638
1753619550.131,1750,1638
1753619550.142,1751,1638
1753619550.142,1752,1638
1753619550.157,1753,1638
1753619550.157,1755,1637
1753619550.174,1756,1637
1753619550.174,1757,1636
1753619550.186,1758,1636
1753619550.19,1759,1635
1753619550.205,1759,1633
1753619550.222,1760,1633
1753619550.222,1761,1633
1753619550.222,1762,1632
1753619550.236,1764,1631
1753619550.236,1764,1630
1753619550.252,1765,1630
1753619550.252,1765,1629
1753619550.267,1766,1629
1753619550.272,1766,1628
1753619550.283,1767,1627
1753619550.287,1768,1627
1753619550.287,1768,1625
1753619550.3,1768,1624
1753619550.316,1769,1623
1753619550.323,1770,1623
1753619550.332,1770,1622
1753619550.342,1772,1621
1753619550.348,1772,1620
1753619550.348,1773,1620
1753619550.357,1775,1617
1753619550.363,1776,1616
1753619550.376,1778,1614
1753619550.381,1779,1612
1753619550.381,1780,1612
1753619550.395,1780,1611
1753619550.405,1781,1610
1753619550.411,1782,1609
1753619550.411,1782,1608
1753619550.411,1783,1607
1753619550.428,1784,1607
1753619550.44,1784,1606
1753619550.443,1786,1604
1753619550.459,1786,1603
1753619550.475,1787,1602
1753619550.475,1788,1601
1753619550.505,1788,1600
1753619550.507,1788,1599
1753619550.507,1789,1599
1753619550.523,1789,1598
1753619550.523,1790,1597
1753619550.554,1791,1595
1753619550.58,1791,1594
1753619550.591,1791,1593
1753619550.596,1791,1592
1753619550.608,1792,1592
1753619550.611,1792,1591
1753619550.633,1794,1591
1753619550.638,1794,1590
1753619550.649,1793,1590
1753619550.672,1794,1589
1753619550.699,1794,1587
1753619550.714,1795,1587
1753619550.726,1795,1586
1753619550.73,1795,1585
1753619550.762,1795,1584
1753619550.792,1795,1583
1753619550.807,1796,1583
1753619550.855,1796,1582
1753619550.871,1796,1582
1753619550.903,1797,1581
1753619550.982,1797,1579
1753619550.998,1797,1579
1753619551.03,1796,1579
1753619551.049,1796,1578
