RESOLUTION:3120,2080
1753619937.566,2009,1482
1753619937.643,2008,1482
1753619937.687,2008,1481
1753619937.716,2008,1479
1753619937.725,2009,1479
1753619937.738,2008,1479
1753619937.745,2009,1479
1753619937.774,2008,1479
1753619937.781,2008,1478
1753619937.82,2007,1477
1753619937.856,2007,1476
1753619937.952,2006,1476
1753619937.969,2006,1475
1753619938.009,2005,1475
1753619938.017,2005,1474
1753619938.026,2005,1473
1753619938.042,2005,1471
1753619938.054,2005,1470
1753619938.082,2004,1470
1753619938.088,2004,1469
1753619938.12,2003,1469
1753619938.139,2002,1469
1753619938.173,2000,1468
1753619938.22,1999,1468
1753619938.236,1999,1467
1753619938.236,1998,1467
1753619938.243,1998,1466
1753619938.258,1997,1466
1753619938.261,1997,1465
1753619938.284,1996,1465
1753619938.289,1996,1463
1753619938.293,1995,1463
1753619938.307,1995,1462
1753619938.335,1994,1462
1753619938.365,1992,1462
1753619938.367,1992,1461
1753619938.373,1991,1460
1753619938.381,1991,1459
1753619938.398,1990,1459
1753619938.401,1990,1458
1753619938.406,1990,1457
1753619938.417,1989,1457
1753619938.454,1988,1457
1753619938.463,1987,1457
1753619938.478,1986,1457
1753619938.487,1985,1456
1753619938.503,1983,1456
1753619938.505,1982,1456
1753619938.52,1981,1456
1753619938.527,1980,1456
1753619938.527,1979,1456
1753619938.535,1978,1454
1753619938.543,1977,1454
1753619938.553,1975,1454
1753619938.562,1973,1454
1753619938.578,1972,1454
1753619938.588,1971,1454
1753619938.594,1970,1454
1753619938.603,1968,1454
1753619938.605,1967,1454
1753619938.611,1966,1454
1753619938.62,1965,1455
1753619938.637,1964,1455
1753619938.637,1963,1455
1753619938.643,1962,1455
1753619938.655,1960,1455
1753619938.661,1959,1455
1753619938.676,1958,1455
1753619938.684,1957,1455
1753619938.692,1956,1455
1753619938.709,1956,1456
1753619938.717,1955,1456
1753619938.721,1954,1456
1753619938.734,1953,1456
1753619938.741,1951,1456
1753619938.75,1950,1456
1753619938.757,1949,1457
1753619938.763,1948,1457
1753619938.768,1947,1457
1753619938.776,1947,1458
1753619938.788,1946,1458
1753619938.788,1945,1458
1753619938.801,1943,1458
1753619938.808,1943,1459
1753619938.816,1942,1459
1753619938.824,1941,1459
1753619938.834,1941,1460
1753619938.841,1940,1461
1753619938.841,1938,1461
1753619938.854,1936,1462
1753619938.874,1935,1464
1753619938.874,1934,1465
1753619938.874,1933,1465
1753619938.882,1932,1466
1753619938.89,1931,1467
1753619938.901,1930,1467
1753619938.92,1930,1468
1753619938.927,1928,1468
1753619938.954,1928,1469
1753619938.954,1927,1470
1753619938.967,1927,1472
1753619938.969,1926,1472
1753619939.002,1926,1473
1753619939.02,1926,1474
1753619939.036,1925,1474
1753619939.04,1925,1475
1753619939.051,1925,1476
1753619939.053,1925,1477
1753619939.063,1924,1478
1753619939.08,1924,1480
1753619939.08,1923,1481
1753619939.084,1922,1482
1753619939.087,1922,1483
1753619939.101,1921,1484
1753619939.111,1921,1487
1753619939.111,1921,1488
1753619939.12,1919,1489
1753619939.12,1919,1490
1753619939.135,1918,1490
1753619939.142,1918,1491
1753619939.151,1918,1492
1753619939.157,1918,1493
1753619939.187,1918,1494
1753619939.286,1918,1496
1753619939.335,1918,1496
1753619939.354,1918,1497
1753619939.363,1920,1497
1753619939.391,1920,1498
1753619939.421,1921,1499
1753619939.456,1921,1500
1753619939.468,1921,1501
1753619939.471,1922,1502
1753619939.487,1922,1504
1753619939.49,1922,1505
1753619939.504,1922,1506
1753619939.512,1922,1507
1753619939.528,1922,1508
1753619939.541,1923,1508
1753619939.575,1923,1509
1753619939.587,1923,1510
1753619939.602,1924,1510
1753619939.609,1924,1512
1753619939.634,1924,1513
1753619939.648,1924,1514
1753619939.684,1925,1515
1753619939.728,1926,1515
1753619939.786,1927,1515
1753619939.807,1929,1515
1753619939.832,1930,1515
1753619939.84,1931,1515
1753619939.862,1932,1515
1753619939.866,1933,1515
1753619939.909,1934,1515
1753619939.912,1939,1514
1753619939.935,1940,1514
1753619939.935,1941,1514
1753619939.958,1942,1514
1753619940.009,1943,1514
1753619940.019,1945,1514
1753619940.05,1946,1514
1753619940.072,1947,1514
1753619940.122,1948,1514
1753619940.135,1949,1514
1753619940.153,1950,1514
1753619940.163,1951,1514
1753619940.188,1953,1514
1753619940.202,1954,1514
1753619940.217,1955,1514
1753619940.239,1955,1514
1753619940.263,1956,1514
1753619940.353,1957,1514
1753619940.386,1958,1515
1753619940.421,1959,1515
1753619940.442,1960,1515
1753619940.446,1960,1516
1753619940.462,1962,1516
1753619940.486,1963,1516
1753619940.502,1963,1517
1753619940.508,1964,1517
1753619940.534,1965,1517
1753619940.568,1966,1517
1753619940.573,1966,1518
1753619940.581,1967,1518
1753619940.601,1968,1518
1753619940.605,1970,1518
1753619940.619,1971,1518
1753619940.645,1972,1518
1753619940.667,1972,1519
1753619940.686,1973,1519
1753619940.719,1974,1519
1753619940.719,1974,1521
1753619940.736,1975,1521
1753619940.74,1976,1521
1753619940.764,1978,1522
1753619940.784,1979,1522
1753619940.8,1980,1523
1753619940.819,1981,1523
1753619940.845,1982,1524
1753619940.861,1983,1524
1753619940.884,1983,1525
1753619940.886,1984,1525
1753619940.886,1984,1526
1753619940.886,1986,1526
1753619940.901,1986,1527
1753619940.918,1987,1527
1753619940.935,1988,1527
1753619940.953,1988,1529
1753619940.968,1989,1529
1753619940.986,1989,1530
1753619940.986,1990,1530
1753619940.986,1990,1531
1753619941.005,1991,1531
1753619941.017,1991,1532
1753619941.037,1992,1533
1753619941.037,1993,1534
1753619941.053,1995,1535
1753619941.054,1995,1537
1753619941.078,1996,1538
1753619941.086,1997,1539
1753619941.102,1997,1540
1753619941.109,1997,1541
1753619941.121,1997,1542
1753619941.126,1998,1542
1753619941.135,1998,1543
1753619941.141,1999,1543
1753619941.152,1999,1545
1753619941.171,2000,1546
1753619941.174,2000,1547
1753619941.186,2001,1547
1753619941.2,2001,1548
1753619941.206,2001,1549
1753619941.214,2003,1549
1753619941.22,2003,1550
1753619941.22,2004,1551
1753619941.235,2005,1552
1753619941.238,2005,1554
1753619941.253,2005,1555
1753619941.27,2005,1555
1753619941.27,2005,1556
1753619941.284,2005,1557
1753619941.291,2005,1558
1753619941.297,2005,1559
1753619941.308,2005,1560
1753619941.319,2005,1562
1753619941.333,2005,1563
1753619941.34,2006,1563
1753619941.34,2006,1564
1753619941.353,2006,1565
1753619941.353,2006,1567
1753619941.368,2006,1570
1753619941.387,2006,1571
1753619941.387,2006,1572
1753619941.397,2006,1573
1753619941.405,2006,1575
1753619941.433,2006,1576
1753619941.437,2006,1576
1753619941.452,2006,1576
1753619941.461,2006,1577
1753619941.477,2006,1578
1753619941.486,2006,1579
1753619941.509,2006,1580
1753619941.511,2006,1581
1753619941.521,2006,1583
1753619941.55,2006,1584
1753619941.553,2006,1585
1753619941.589,2006,1586
1753619941.6,2006,1586
1753619941.605,2006,1587
1753619941.619,2006,1588
1753619941.635,2006,1589
1753619941.638,2006,1590
1753619941.655,2006,1592
1753619941.675,2006,1593
1753619941.69,2006,1594
1753619941.708,2006,1595
1753619941.734,2005,1596
1753619941.74,2005,1597
1753619941.753,2005,1598
1753619941.756,2005,1600
1753619941.759,2004,1601
1753619941.768,2004,1602
1753619941.786,2004,1603
1753619941.786,2004,1604
1753619941.796,2004,1604
1753619941.871,2004,1605
1753619941.881,2004,1606
1753619941.888,2004,1608
1753619941.894,2004,1609
1753619941.906,2002,1610
1753619941.91,2002,1611
1753619941.919,2001,1611
1753619941.93,2001,1612
1753619941.937,2000,1612
1753619942.014,1999,1612
1753619942.03,1999,1613
1753619942.05,1998,1613
1753619942.073,1998,1614
1753619942.148,1997,1614
1753619942.16,1997,1615
1753619942.19,1996,1615
1753619942.194,1994,1615
1753619942.207,1994,1617
1753619942.208,1993,1617
1753619942.241,1993,1618
1753619942.242,1992,1618
1753619942.249,1991,1618
1753619942.277,1990,1618
1753619942.301,1989,1619
1753619942.327,1988,1619
1753619942.331,1984,1619
1753619942.343,1982,1619
1753619942.363,1980,1619
1753619942.388,1979,1619
1753619942.422,1978,1619
1753619942.456,1977,1619
1753619942.467,1976,1619
1753619942.491,1975,1619
1753619942.506,1975,1619
1753619942.509,1974,1619
1753619942.52,1972,1619
1753619942.538,1971,1619
1753619942.555,1970,1619
1753619942.569,1969,1619
1753619942.583,1968,1619
1753619942.602,1967,1619
1753619942.616,1966,1619
1753619942.627,1966,1618
1753619942.633,1964,1618
1753619942.638,1963,1618
1753619942.644,1962,1618
1753619942.674,1961,1618
1753619942.683,1960,1618
1753619942.69,1960,1616
1753619942.717,1959,1616
1753619942.722,1959,1615
1753619942.722,1958,1615
1753619942.746,1956,1615
1753619942.746,1956,1614
1753619942.768,1955,1614
1753619942.794,1954,1614
1753619942.801,1954,1613
1753619942.808,1953,1613
1753619942.815,1952,1613
1753619942.832,1951,1613
1753619942.85,1950,1613
1753619942.874,1949,1613
1753619942.879,1947,1613
1753619942.889,1946,1613
1753619942.904,1945,1612
1753619942.92,1944,1612
1753619942.924,1943,1612
1753619942.942,1942,1611
1753619942.952,1941,1611
1753619942.958,1941,1610
1753619942.968,1939,1610
1753619942.984,1938,1610
1753619942.992,1938,1609
1753619943.03,1937,1609
1753619943.046,1936,1609
1753619943.046,1936,1607
1753619943.062,1935,1607
1753619943.062,1935,1606
1753619943.062,1934,1606
1753619943.077,1934,1605
1753619943.093,1933,1605
1753619943.093,1933,1604
1753619943.109,1931,1604
1753619943.116,1931,1603
1753619943.125,1930,1603
1753619943.156,1930,1602
1753619943.171,1929,1602
1753619943.171,1929,1601
1753619943.183,1928,1601
1753619943.188,1928,1599
1753619943.214,1927,1598
1753619943.219,1926,1597
1753619943.235,1926,1596
1753619943.237,1925,1596
1753619943.251,1925,1595
1753619943.269,1924,1594
1753619943.3,1922,1593
1753619943.314,1921,1591
1753619943.331,1921,1590
1753619943.353,1921,1589
1753619943.425,1921,1588
1753619943.488,1921,1587
1753619943.629,1921,1586
1753619943.65,1921,1585
1753619943.678,1921,1584
1753619943.771,1921,1582
1753619943.94,1921,1581
1753619943.942,1920,1580
1753619943.965,1920,1579
1753619943.973,1920,1578
1753619943.992,1920,1577
1753619944.008,1920,1576
1753619946.856,1920,1576
1753619946.86,1920,1577
1753619946.866,1920,1578
1753619946.897,1920,1579
1753619946.916,1920,1580
1753619946.934,1920,1581
1753619946.936,1920,1583
1753619946.954,1920,1584
1753619946.954,1920,1585
1753619946.968,1920,1586
1753619946.986,1920,1587
1753619946.99,1920,1588
1753619946.99,1920,1589
1753619946.999,1920,1590
1753619947.015,1920,1592
1753619947.048,1920,1593
1753619947.063,1920,1594
1753619947.109,1920,1595
1753619947.125,1920,1596
1753619947.173,1920,1596
1753619947.269,1921,1596
1753619947.33,1923,1596
1753619947.372,1924,1597
1753619947.423,1924,1598
1753619947.434,1925,1598
1753619947.456,1926,1598
1753619947.48,1926,1600
1753619947.517,1927,1601
1753619947.533,1927,1602
1753619947.547,1928,1602
1753619947.563,1928,1603
1753619947.563,1929,1603
1753619947.58,1929,1604
1753619947.594,1929,1605
1753619947.597,1930,1605
1753619947.622,1932,1605
1753619947.63,1932,1606
1753619947.68,1933,1606
1753619947.696,1933,1608
1753619947.717,1934,1608
1753619947.73,1935,1608
1753619947.745,1935,1609
1753619947.764,1936,1609
1753619947.767,1936,1610
1753619947.783,1937,1610
1753619947.796,1938,1610
1753619947.815,1940,1610
1753619947.827,1940,1611
1753619947.844,1941,1611
1753619947.847,1942,1612
1753619947.862,1943,1612
1753619947.88,1944,1612
1753619947.883,1944,1613
1753619947.896,1945,1613
1753619947.919,1945,1614
1753619947.93,1946,1614
1753619947.96,1948,1614
1753619947.963,1948,1615
1753619947.965,1949,1615
1753619947.981,1950,1617
1753619947.996,1950,1618
1753619947.996,1951,1618
1753619948.015,1952,1618
1753619948.03,1953,1618
1753619948.044,1954,1619
1753619948.048,1955,1619
1753619948.065,1955,1620
1753619948.072,1957,1620
1753619948.08,1958,1620
1753619948.102,1959,1620
1753619948.131,1960,1620
1753619948.142,1961,1620
1753619948.166,1962,1620
1753619948.185,1963,1620
1753619948.197,1965,1620
1753619948.215,1966,1620
1753619948.238,1967,1620
1753619948.261,1968,1620
1753619948.278,1969,1620
1753619948.29,1970,1620
1753619948.297,1971,1620
1753619948.317,1973,1620
1753619948.345,1974,1620
1753619948.375,1975,1620
1753619948.399,1976,1620
1753619948.422,1977,1620
1753619948.438,1978,1619
1753619948.444,1979,1619
1753619948.461,1981,1619
1753619948.497,1982,1619
1753619948.497,1983,1619
1753619948.527,1983,1618
1753619948.549,1984,1618
1753619948.563,1985,1618
1753619948.577,1986,1616
1753619948.611,1987,1616
1753619948.627,1988,1616
1753619948.646,1990,1615
1753619948.696,1991,1615
1753619948.712,1992,1615
1753619948.725,1992,1614
1753619948.729,1993,1614
1753619948.773,1994,1614
1753619948.796,1995,1614
1753619948.83,1996,1613
1753619948.847,1998,1612
1753619948.855,1999,1612
1753619948.871,2000,1612
1753619948.871,2001,1612
1753619948.88,2001,1611
1753619948.88,2002,1611
1753619948.915,2003,1611
1753619948.918,2003,1610
1753619948.927,2004,1610
1753619948.944,2006,1610
1753619948.95,2007,1610
1753619948.96,2008,1609
1753619948.963,2009,1609
1753619948.978,2011,1609
1753619948.983,2011,1607
1753619948.997,2013,1607
1753619949.011,2014,1607
1753619949.015,2014,1606
1753619949.027,2015,1606
1753619949.044,2016,1606
1753619949.049,2018,1605
1753619949.062,2020,1605
1753619949.08,2021,1604
1753619949.089,2022,1604
1753619949.097,2022,1603
1753619949.127,2023,1603
1753619949.144,2024,1602
1753619949.166,2025,1602
1753619949.178,2026,1600
1753619949.196,2028,1600
1753619949.196,2029,1600
1753619949.207,2030,1599
1753619949.21,2031,1599
1753619949.223,2032,1598
1753619949.23,2033,1598
1753619949.255,2034,1597
1753619949.255,2036,1597
1753619949.279,2037,1597
1753619949.296,2038,1597
1753619949.296,2038,1596
1753619949.33,2039,1596
1753619949.33,2040,1595
1753619949.35,2041,1595
1753619949.356,2042,1594
1753619949.363,2043,1594
1753619949.363,2043,1592
1753619949.383,2045,1592
1753619949.392,2046,1592
1753619949.396,2047,1591
1753619949.427,2048,1590
1753619949.463,2049,1590
1753619949.479,2050,1590
1753619949.497,2051,1589
1753619949.497,2053,1589
1753619949.51,2053,1588
1753619949.518,2054,1588
1753619949.526,2054,1587
1753619949.532,2055,1587
1753619949.532,2056,1587
1753619949.55,2057,1587
1753619949.563,2057,1586
1753619949.583,2058,1586
1753619949.61,2059,1585
1753619949.623,2059,1583
1753619949.63,2061,1583
1753619949.63,2062,1583
1753619949.655,2063,1582
1753619949.663,2064,1581
1753619949.663,2065,1581
1753619949.671,2065,1580
1753619949.686,2066,1580
1753619949.696,2067,1579
1753619949.696,2069,1579
1753619949.713,2070,1579
1753619949.732,2071,1578
1753619949.746,2072,1577
1753619949.75,2073,1577
1753619949.764,2074,1575
1753619949.782,2075,1575
1753619949.782,2076,1574
1753619949.798,2078,1574
1753619949.814,2079,1574
1753619949.829,2080,1573
1753619949.829,2081,1573
1753619949.838,2081,1572
1753619949.863,2082,1572
1753619949.863,2083,1572
1753619949.879,2083,1571
1753619949.885,2084,1571
1753619949.9,2086,1571
1753619949.917,2087,1571
1753619949.925,2088,1571
1753619949.93,2089,1571
1753619949.941,2090,1571
1753619949.944,2093,1571
1753619949.949,2094,1571
1753619949.96,2095,1571
1753619949.974,2096,1571
1753619949.977,2097,1571
1753619949.981,2098,1571
1753619949.989,2099,1571
1753619949.997,2101,1571
1753619950.01,2102,1570
1753619950.012,2103,1569
1753619950.02,2104,1569
1753619950.038,2105,1569
1753619950.051,2106,1569
1753619950.053,2107,1569
1753619950.066,2108,1569
1753619950.066,2110,1569
1753619950.085,2111,1569
1753619950.088,2112,1569
1753619950.098,2113,1567
1753619950.099,2114,1567
1753619950.114,2115,1567
1753619950.116,2116,1567
1753619950.131,2118,1567
1753619950.133,2119,1567
1753619950.144,2120,1567
1753619950.149,2120,1566
1753619950.165,2121,1566
1753619950.173,2122,1566
1753619950.177,2123,1566
1753619950.181,2124,1566
1753619950.189,2126,1565
1753619950.199,2127,1565
1753619950.213,2129,1565
1753619950.215,2130,1565
1753619950.22,2131,1564
1753619950.23,2133,1564
1753619950.234,2134,1563
1753619950.234,2136,1563
1753619950.251,2137,1563
1753619950.266,2138,1563
1753619950.277,2139,1563
1753619950.29,2141,1563
1753619950.292,2142,1563
1753619950.299,2143,1563
1753619950.312,2144,1563
1753619950.318,2145,1563
1753619950.333,2146,1563
1753619950.333,2149,1563
1753619950.336,2150,1563
1753619950.348,2151,1563
1753619950.35,2152,1563
1753619950.366,2153,1563
1753619950.369,2154,1563
1753619950.381,2156,1563
1753619950.383,2158,1563
1753619950.383,2159,1563
1753619950.398,2160,1563
1753619950.402,2161,1563
1753619950.411,2163,1563
1753619950.415,2164,1563
1753619950.423,2165,1563
1753619950.447,2166,1563
1753619950.447,2167,1562
1753619950.456,2168,1561
1753619950.48,2169,1559
1753619950.493,2170,1559
1753619950.498,2170,1558
1753619950.52,2172,1558
1753619950.53,2172,1557
1753619950.551,2172,1557
1753619950.73,2172,1557
1753619950.754,2172,1556
1753619950.768,2172,1555
1753619950.819,2172,1554
1753619950.823,2172,1553
1753619950.832,2173,1552
1753619950.861,2173,1550
1753619950.863,2173,1549
1753619950.882,2173,1548
1753619950.929,2173,1548
1753619950.943,2173,1547
1753619950.978,2173,1546
1753619950.998,2171,1546
1753619951.043,2171,1545
1753619951.053,2170,1545
1753619951.111,2170,1544
1753619951.176,2170,1542
1753619951.184,2169,1542
1753619951.216,2169,1541
1753619951.231,2169,1540
1753619951.249,2169,1539
1753619951.274,2169,1538
1753619951.281,2169,1537
1753619951.296,2169,1536
1753619951.321,2169,1536
1753619951.329,2169,1534
1753619951.361,2169,1533
1753619951.4,2169,1533
1753619951.407,2169,1532
1753619951.411,2169,1531
1753619951.416,2169,1529
1753619951.426,2169,1527
1753619951.448,2169,1526
1753619951.513,2169,1525
1753619951.527,2168,1525
1753619951.529,2167,1524
1753619951.548,2166,1524
1753619951.563,2166,1523
1753619951.565,2165,1523
1753619951.582,2164,1523
1753619951.602,2162,1523
1753619951.611,2161,1523
1753619951.624,2160,1522
1753619951.632,2160,1522
1753619951.648,2160,1522
1753619951.651,2159,1522
1753619951.68,2158,1522
1753619951.68,2158,1521
1753619951.696,2157,1521
1753619951.698,2157,1520
1753619951.73,2156,1520
1753619951.795,2154,1520
1753619951.863,2154,1518
1753619951.898,2153,1518
1753619951.929,2153,1517
1753619951.962,2152,1517
1753619952.004,2151,1517
1753619952.046,2150,1517
1753619952.124,2149,1517
1753619952.127,2148,1517
1753619952.15,2146,1517
1753619952.209,2145,1517
1753619952.223,2144,1517
1753619952.263,2144,1516
1753619952.362,2144,1515
1753619952.431,2143,1515
1753619952.446,2143,1514
1753619952.478,2142,1514
1753619952.511,2141,1514
1753619952.532,2140,1514
1753619952.55,2138,1514
1753619952.554,2137,1513
1753619952.577,2136,1513
1753619952.601,2135,1513
1753619952.601,2134,1513
1753619952.63,2133,1513
1753619952.647,2132,1513
1753619952.683,2131,1513
1753619952.698,2129,1513
1753619952.755,2128,1513
1753619952.803,2127,1513
1753619952.845,2126,1513
1753619952.868,2125,1513
1753619952.882,2124,1513
1753619952.903,2123,1513
1753619952.922,2121,1513
1753619952.95,2120,1513
1753619952.958,2119,1513
1753619952.966,2118,1513
1753619952.98,2117,1513
1753619952.996,2116,1513
1753619953.015,2115,1513
1753619953.015,2113,1513
1753619953.033,2112,1513
1753619953.062,2111,1513
1753619953.077,2110,1514
1753619953.08,2109,1514
1753619953.095,2109,1515
1753619953.126,2108,1516
1753619953.129,2107,1516
1753619953.144,2105,1516
1753619953.161,2104,1516
1753619953.161,2104,1517
1753619953.176,2103,1517
1753619953.183,2102,1517
1753619953.197,2102,1519
1753619953.207,2101,1519
1753619953.215,2100,1520
1753619953.226,2099,1520
1753619953.244,2098,1521
1753619953.248,2096,1521
1753619953.28,2096,1522
1753619953.296,2095,1522
1753619953.309,2094,1522
1753619953.32,2093,1523
1753619953.33,2093,1524
1753619953.344,2092,1524
1753619953.351,2092,1525
1753619953.364,2091,1525
1753619953.383,2090,1525
1753619953.407,2088,1525
1753619953.41,2087,1526
1753619953.443,2087,1528
1753619953.462,2086,1528
1753619953.487,2086,1529
1753619953.493,2085,1530
1753619953.495,2084,1530
1753619953.503,2084,1531
1753619953.52,2083,1531
1753619953.526,2083,1532
1753619953.562,2083,1533
1753619953.568,2082,1533
1753619953.584,2080,1533
1753619953.591,2080,1534
1753619953.615,2080,1536
1753619953.628,2079,1537
1753619953.647,2079,1537
1753619953.661,2079,1538
1753619953.671,2079,1538
1753619953.695,2079,1539
1753619953.72,2079,1539
1753619953.759,2079,1540
1753619953.777,2079,1541
1753619953.792,2079,1542
1753619953.81,2079,1544
1753619953.828,2079,1545
1753619953.856,2079,1546
1753619953.862,2079,1547
1753619953.892,2079,1548
1753619953.904,2079,1549
1753619953.92,2079,1550
1753619953.936,2078,1552
1753619953.936,2078,1553
1753619953.962,2078,1554
1753619953.984,2078,1555
1753619953.995,2078,1556
1753619954.019,2078,1557
1753619954.026,2078,1558
1753619954.031,2077,1558
1753619954.04,2077,1559
1753619954.059,2077,1561
1753619954.072,2077,1562
1753619954.095,2077,1563
1753619954.103,2077,1564
1753619954.13,2076,1565
1753619954.135,2076,1565
1753619954.15,2076,1566
1753619954.177,2076,1567
1753619954.183,2076,1569
1753619954.195,2076,1570
1753619954.208,2077,1570
1753619954.215,2077,1571
1753619954.226,2077,1572
1753619954.228,2077,1573
1753619954.243,2077,1574
1753619954.248,2077,1575
1753619954.267,2077,1577
1753619954.271,2077,1578
1753619954.278,2077,1579
1753619954.279,2077,1580
1753619954.295,2077,1581
1753619954.311,2077,1582
1753619954.328,2077,1583
1753619954.344,2078,1583
1753619954.363,2079,1583
1753619954.364,2079,1585
1753619954.382,2079,1586
1753619954.39,2079,1587
1753619954.396,2079,1588
1753619954.396,2079,1589
1753619954.428,2079,1590
1753619954.428,2079,1591
1753619954.438,2081,1591
1753619954.446,2081,1592
1753619954.461,2081,1594
1753619954.479,2081,1595
1753619954.51,2082,1595
1753619954.52,2082,1596
1753619954.544,2082,1597
1753619954.56,2083,1598
1753619954.583,2084,1599
1753619954.583,2084,1600
1753619954.592,2085,1600
1753619954.595,2086,1602
1753619954.623,2086,1603
1753619954.625,2087,1604
1753619954.629,2087,1605
1753619954.629,2089,1605
1753619954.644,2089,1606
1753619954.647,2089,1607
1753619954.661,2090,1607
1753619954.661,2090,1608
1753619954.692,2091,1608
1753619954.711,2091,1610
1753619954.728,2092,1610
1753619954.761,2093,1610
1753619954.782,2093,1611
1753619954.794,2094,1611
1753619954.812,2094,1612
1753619954.815,2094,1612
1753619954.848,2095,1612
1753619954.862,2097,1612
1753619954.88,2098,1612
1753619954.91,2099,1612
1753619954.912,2100,1613
1753619954.928,2101,1613
1753619954.932,2102,1613
1753619954.935,2103,1613
1753619954.945,2103,1614
1753619954.95,2104,1614
1753619954.974,2106,1614
1753619954.977,2107,1614
1753619954.985,2107,1615
1753619954.996,2108,1615
1753619955.015,2108,1616
1753619955.031,2109,1616
1753619955.048,2110,1616
1753619955.062,2111,1616
1753619955.08,2114,1618
1753619955.088,2115,1618
1753619955.092,2116,1618
1753619955.094,2117,1618
1753619955.113,2118,1618
1753619955.129,2120,1618
1753619955.129,2121,1618
1753619955.129,2122,1619
1753619955.129,2123,1619
1753619955.145,2124,1619
1753619955.164,2125,1619
1753619955.215,2126,1619
1753619955.215,2129,1619
1753619955.228,2130,1620
1753619955.259,2131,1620
1753619955.261,2132,1620
1753619955.28,2133,1620
1753619955.297,2134,1620
1753619955.328,2135,1620
1753619955.35,2137,1620
1753619955.374,2138,1620
1753619955.378,2139,1620
1753619955.395,2140,1620
1753619955.41,2141,1620
1753619955.431,2142,1620
1753619955.459,2143,1620
1753619955.462,2145,1620
1753619955.467,2146,1620
1753619955.481,2146,1620
1753619955.495,2147,1620
1753619955.529,2148,1620
1753619955.546,2149,1620
1753619955.563,2150,1620
1753619955.578,2151,1620
1753619955.586,2153,1619
1753619955.598,2154,1619
1753619955.626,2155,1619
1753619955.63,2156,1617
1753619955.63,2157,1617
1753619955.645,2158,1616
1753619955.649,2159,1616
1753619955.664,2160,1616
1753619955.675,2162,1615
1753619955.694,2163,1614
1753619955.71,2163,1614
1753619955.71,2164,1614
1753619955.722,2165,1614
1753619955.746,2166,1614
1753619955.754,2166,1613
1753619955.754,2167,1613
1753619955.759,2168,1613
1753619955.77,2170,1612
1753619955.795,2171,1612
1753619955.795,2171,1611
1753619955.798,2172,1611
1753619955.828,2172,1610
1753619955.927,2173,1610
1753619955.942,2174,1608
1753619955.965,2175,1608
1753619955.976,2176,1607
1753619955.983,2178,1606
1753619956.009,2179,1606
1753619956.016,2179,1605
1753619956.029,2180,1604
1753619956.036,2181,1604
1753619956.047,2182,1604
1753619956.048,2182,1603
1753619956.072,2183,1603
1753619956.088,2184,1603
1753619956.094,2184,1602
1753619956.111,2186,1600
1753619956.117,2187,1600
1753619956.124,2187,1599
1753619956.13,2188,1598
1753619956.13,2189,1598
1753619956.144,2190,1597
1753619956.16,2191,1597
1753619956.215,2191,1596
1753619956.215,2192,1596
1753619956.231,2193,1595
1753619956.237,2193,1592
1753619956.244,2195,1592
1753619956.263,2196,1591
1753619956.272,2197,1591
1753619956.28,2197,1590
1753619956.312,2197,1589
1753619956.328,2198,1589
1753619956.342,2199,1589
1753619956.345,2199,1588
1753619956.347,2200,1587
1753619956.364,2200,1585
1753619956.385,2201,1585
1753619956.413,2203,1585
1753619956.43,2203,1584
1753619956.475,2203,1583
1753619956.489,2204,1583
1753619956.495,2205,1582
1753619956.498,2205,1581
1753619956.509,2206,1581
1753619956.513,2207,1580
1753619956.53,2207,1579
1753619956.53,2208,1578
1753619956.538,2209,1578
1753619956.569,2209,1576
1753619956.576,2211,1576
1753619956.61,2211,1575
1753619956.613,2212,1574
1753619956.65,2212,1573
1753619956.658,2213,1573
1753619956.663,2213,1572
1753619956.668,2214,1572
1753619956.692,2214,1571
1753619956.694,2215,1570
1753619956.706,2215,1568
1753619956.738,2215,1567
1753619956.761,2215,1566
1753619956.77,2216,1565
1753619956.777,2216,1564
1753619956.792,2217,1563
1753619956.81,2217,1562
1753619956.814,2217,1560
1753619956.819,2218,1560
1753619956.825,2218,1559
1753619956.833,2218,1558
1753619956.836,2220,1558
1753619956.855,2220,1557
1753619956.861,2221,1556
1753619956.875,2221,1555
1753619956.897,2222,1554
1753619956.906,2222,1552
1753619956.908,2223,1551
1753619956.915,2223,1550
1753619956.928,2223,1549
1753619956.946,2224,1549
1753619956.946,2224,1548
1753619956.961,2225,1547
1753619956.979,2225,1546
1753619956.979,2225,1545
1753619957.002,2226,1543
1753619957.031,2226,1542
1753619957.031,2228,1542
1753619957.031,2228,1541
1753619957.05,2229,1540
1753619957.064,2229,1539
1753619957.079,2229,1536
1753619957.082,2229,1535
1753619957.109,2230,1535
1753619957.114,2230,1534
1753619957.114,2231,1533
1753619957.129,2231,1532
1753619957.148,2231,1531
1753619957.17,2232,1530
1753619957.192,2232,1528
1753619957.195,2232,1527
1753619957.199,2233,1527
1753619957.199,2233,1526
1753619957.225,2233,1525
1753619957.24,2233,1524
1753619957.269,2233,1523
1753619957.289,2233,1522
1753619957.294,2233,1520
1753619957.306,2233,1519
1753619957.313,2233,1518
1753619957.326,2233,1517
1753619957.346,2235,1515
1753619957.346,2235,1512
1753619957.346,2236,1511
1753619957.346,2236,1510
1753619957.358,2236,1509
1753619957.361,2236,1506
1753619957.37,2237,1506
1753619957.386,2237,1505
1753619957.402,2237,1504
1753619957.419,2237,1503
1753619957.425,2238,1502
1753619957.43,2238,1501
1753619957.46,2239,1499
1753619957.513,2239,1498
1753619957.562,2239,1497
1753619957.612,2239,1496
1753619957.621,2239,1495
1753619957.635,2239,1494
1753619957.657,2239,1493
1753619957.667,2239,1491
1753619957.667,2239,1490
1753619957.716,2239,1489
1753619957.734,2239,1488
1753619957.745,2239,1487
1753619957.749,2239,1486
1753619957.761,2239,1485
1753619957.777,2239,1483
1753619957.796,2239,1482
1753619957.814,2239,1481
1753619957.822,2239,1480
1753619957.827,2239,1479
1753619957.846,2239,1478
1753619957.861,2239,1477
1753619957.87,2239,1475
1753619957.879,2239,1474
1753619957.896,2239,1473
1753619957.896,2239,1472
1753619957.896,2239,1471
1753619957.91,2239,1469
1753619957.916,2239,1467
1753619957.929,2239,1466
1753619957.929,2239,1464
1753619957.948,2239,1461
1753619957.948,2239,1460
1753619957.965,2239,1459
1753619957.965,2239,1458
1753619957.965,2239,1457
1753619957.978,2239,1456
1753619957.983,2239,1454
1753619957.999,2239,1453
1753619958.084,2239,1452
1753619958.116,2239,1452
1753619958.16,2239,1452
1753619958.194,2239,1452
1753619958.212,2239,1453
1753619958.422,2239,1453
1753619958.454,2239,1453
1753619958.542,2238,1453
1753619958.575,2237,1453
1753619958.588,2237,1453
1753619958.609,2236,1453
1753619958.622,2236,1453
1753619958.65,2234,1453
1753619958.694,2233,1453
1753619958.764,2232,1453
1753619958.771,2232,1455
1753619958.794,2231,1455
1753619958.829,2230,1455
1753619958.877,2230,1456
1753619958.919,2229,1456
1753619958.993,2228,1457
1753619959.014,2228,1457
1753619959.022,2228,1458
1753619959.047,2228,1459
1753619959.058,2229,1459
1753619959.079,2229,1460
1753619959.094,2229,1461
1753619959.097,2229,1463
1753619959.113,2230,1463
1753619959.144,2230,1464
1753619959.158,2231,1464
1753619959.16,2231,1465
1753619959.209,2231,1466
1753619959.215,2232,1467
1753619959.293,2232,1468
1753619959.311,2232,1469
1753619959.361,2232,1470
1753619959.393,2233,1470
1753619959.415,2233,1472
1753619959.426,2233,1473
1753619959.46,2233,1474
1753619959.479,2233,1475
1753619959.512,2233,1476
1753619959.558,2232,1476
1753619959.56,2232,1477
1753619959.576,2232,1478
1753619959.595,2232,1480
1753619959.61,2232,1481
1753619959.616,2231,1481
1753619959.627,2231,1482
1753619959.627,2231,1483
1753619959.649,2231,1484
1753619959.672,2230,1485
1753619959.726,2230,1486
1753619959.736,2230,1488
1753619959.76,2230,1489
1753619959.768,2230,1490
1753619959.816,2229,1490
1753619959.824,2229,1491
1753619959.858,2229,1492
1753619959.908,2229,1493
1753619959.93,2229,1494
1753619959.96,2229,1496
1753619960.014,2229,1497
1753619960.06,2228,1498
1753619960.079,2228,1499
1753619960.084,2228,1499
1753619960.094,2228,1499
1753619960.145,2226,1499
1753619960.154,2226,1500
1753619960.186,2227,1500
1753619960.227,2227,1501
1753619960.261,2227,1502
1753619960.273,2227,1503
1753619960.293,2227,1505
1753619960.309,2227,1506
1753619960.321,2227,1507
1753619960.329,2228,1507
1753619960.344,2228,1508
1753619960.345,2228,1509
1753619960.357,2228,1510
1753619960.365,2228,1511
1753619960.377,2229,1514
1753619960.391,2229,1515
1753619960.406,2229,1516
1753619960.409,2229,1517
1753619960.427,2229,1519
1753619960.427,2230,1520
1753619960.442,2230,1521
1753619960.461,2230,1522
1753619960.465,2231,1523
1753619960.475,2231,1524
1753619960.481,2231,1525
1753619960.505,2231,1526
1753619960.509,2232,1526
1753619960.509,2232,1528
1753619960.513,2232,1529
1753619960.526,2232,1530
1753619960.541,2232,1530
1753619960.554,2232,1531
1753619960.582,2232,1531
1753619960.586,2232,1532
1753619960.604,2232,1533
1753619960.649,2232,1534
1753619960.661,2232,1536
1753619960.693,2232,1537
1753619960.693,2232,1538
1753619960.707,2232,1539
1753619960.714,2232,1540
1753619960.722,2232,1541
1753619960.728,2232,1542
1753619960.738,2232,1544
1753619960.741,2232,1545
1753619960.758,2232,1546
1753619960.77,2232,1547
1753619960.779,2232,1548
1753619960.779,2232,1549
1753619960.809,2232,1550
1753619960.827,2232,1551
1753619960.848,2232,1553
1753619960.861,2232,1554
1753619960.861,2232,1555
1753619960.894,2232,1556
1753619960.897,2232,1557
1753619960.912,2232,1558
1753619960.941,2232,1559
1753619960.96,2232,1561
1753619960.976,2232,1562
1753619960.978,2234,1562
1753619960.986,2234,1563
1753619961.027,2234,1564
1753619961.075,2234,1565
1753619961.093,2234,1566
1753619961.108,2234,1567
1753619961.137,2234,1569
1753619961.177,2235,1570
1753619961.196,2235,1571
1753619961.207,2235,1572
1753619961.23,2235,1573
1753619961.231,2235,1574
1753619961.275,2235,1575
1753619961.291,2235,1577
1753619961.304,2235,1578
1753619961.313,2235,1579
1753619961.32,2235,1580
1753619961.327,2235,1581
1753619961.354,2235,1582
1753619961.375,2235,1583
1753619961.393,2235,1584
1753619961.408,2235,1586
1753619961.439,2235,1587
1753619961.474,2235,1587
1753619961.479,2235,1588
1753619961.493,2235,1589
1753619961.51,2235,1590
1753619961.526,2235,1591
1753619961.536,2235,1592
1753619961.568,2233,1594
1753619961.576,2233,1595
1753619961.641,2233,1596
1753619961.647,2233,1597
1753619961.674,2233,1598
1753619961.679,2233,1599
1753619961.69,2233,1600
1753619961.715,2233,1602
1753619961.727,2233,1603
1753619961.727,2233,1604
1753619961.752,2233,1605
1753619961.76,2233,1606
1753619961.775,2233,1607
1753619961.793,2233,1608
1753619961.793,2233,1610
1753619961.793,2233,1611
1753619961.841,2234,1612
1753619961.856,2234,1614
1753619961.86,2234,1615
1753619961.895,2235,1616
1753619961.97,2236,1616
1753619962.007,2237,1616
1753619962.07,2238,1616
1753619962.111,2239,1616
1753619962.125,2239,1616
1753619962.143,2240,1616
1753619962.195,2241,1616
1753619962.239,2243,1616
1753619962.293,2244,1616
1753619962.322,2244,1616
1753619962.335,2245,1616
1753619962.338,2245,1616
1753619962.421,2246,1616
1753619962.455,2247,1616
1753619962.459,2248,1616
1753619962.493,2249,1616
1753619962.528,2249,1615
1753619962.535,2251,1615
1753619962.544,2252,1615
1753619962.562,2253,1614
1753619962.562,2254,1614
1753619962.582,2255,1614
1753619962.596,2256,1614
1753619962.611,2257,1614
1753619962.623,2259,1614
1753619962.632,2260,1614
1753619962.639,2260,1613
1753619962.646,2261,1613
1753619962.661,2262,1613
1753619962.661,2263,1612
1753619962.675,2264,1612
1753619962.69,2265,1611
1753619962.695,2267,1611
1753619962.703,2268,1611
1753619962.708,2269,1609
1753619962.727,2270,1609
1753619962.727,2270,1608
1753619962.744,2271,1608
1753619962.76,2271,1607
1753619962.781,2271,1606
1753619962.794,2272,1606
1753619962.815,2272,1605
1753619962.818,2273,1605
1753619962.83,2274,1605
1753619962.848,2276,1604
1753619962.872,2277,1604
1753619962.875,2277,1603
1753619962.927,2277,1601
1753619962.946,2278,1600
1753619962.969,2279,1599
1753619962.976,2280,1599
1753619962.998,2281,1599
1753619963.012,2281,1598
1753619963.015,2282,1598
1753619963.028,2282,1597
1753619963.031,2284,1597
1753619963.042,2285,1596
1753619963.057,2286,1595
1753619963.067,2287,1593
1753619963.093,2287,1592
1753619963.093,2288,1592
1753619963.108,2289,1591
1753619963.129,2290,1591
1753619963.143,2290,1590
1753619963.143,2292,1589
1753619963.143,2293,1588
1753619963.149,2293,1587
1753619963.157,2294,1585
1753619963.177,2295,1584
1753619963.177,2296,1583
1753619963.18,2296,1582
1753619963.182,2297,1582
1753619963.196,2297,1581
1753619963.209,2298,1580
1753619963.229,2298,1579
1753619963.23,2298,1578
1753619963.247,2300,1576
1753619963.253,2301,1575
1753619963.262,2302,1574
1753619963.262,2303,1573
1753619963.271,2304,1572
1753619963.283,2305,1569
1753619963.286,2305,1568
1753619963.295,2305,1566
1753619963.295,2306,1565
1753619963.31,2306,1562
1753619963.313,2308,1558
1753619963.33,2309,1557
1753619963.33,2309,1554
1753619963.333,2309,1553
1753619963.343,2309,1552
1753619963.369,2309,1551
1753619963.376,2310,1551
1753619963.381,2310,1551
1753619963.409,2310,1550
1753619963.445,2310,1550
1753619963.446,2310,1550
1753619963.448,2310,1549
1753619963.495,2310,1547
1753619963.51,2310,1546
1753619963.527,2310,1545
1753619963.531,2310,1544
1753619963.538,2310,1543
1753619963.542,2311,1542
1753619963.559,2313,1539
1753619963.561,2314,1538
1753619963.573,2314,1537
1753619963.579,2315,1536
1753619963.586,2315,1535
1753619963.601,2315,1534
1753619963.623,2315,1532
1753619963.627,2316,1532
1753619963.642,2316,1531
1753619963.648,2316,1530
1753619963.657,2317,1530
1753619963.659,2318,1529
1753619963.672,2318,1528
1753619963.678,2318,1525
1753619963.68,2319,1525
1753619963.693,2321,1523
1753619963.705,2321,1522
1753619963.712,2321,1519
1753619963.726,2322,1519
1753619963.729,2322,1518
1753619963.729,2322,1517
1753619963.741,2322,1516
1753619963.747,2323,1516
1753619963.769,2323,1515
1753619963.777,2323,1514
1753619963.794,2324,1514
1753619963.81,2324,1513
1753619963.823,2324,1511
1753619963.842,2325,1511
1753619963.851,2325,1510
1753619963.893,2325,1509
1753619964.02,2325,1508
1753619964.044,2325,1507
1753619964.174,2326,1507
1753619964.198,2326,1507
1753619964.247,2326,1507
1753619964.259,2326,1508
1753619964.292,2326,1509
1753619964.307,2326,1510
1753619964.323,2326,1512
1753619964.345,2325,1512
1753619964.347,2325,1513
1753619964.367,2325,1514
1753619964.377,2325,1515
1753619964.382,2324,1515
1753619964.401,2324,1516
1753619964.434,2323,1517
1753619964.475,2323,1518
1753619964.492,2322,1518
1753619964.525,2322,1520
1753619964.554,2321,1520
1753619964.557,2321,1521
1753619964.57,2319,1521
1753619964.578,2319,1522
1753619964.64,2319,1523
1753619964.643,2318,1523
1753619964.674,2317,1524
1753619964.708,2316,1524
1753619964.715,2316,1525
1753619964.735,2316,1526
1753619964.759,2316,1528
1753619964.79,2316,1529
1753619964.793,2315,1529
1753619964.823,2315,1530
1753619964.836,2315,1531
1753619964.84,2314,1531
1753619964.868,2314,1532
1753619964.874,2314,1533
1753619964.877,2313,1534
1753619964.89,2311,1535
1753619964.907,2311,1537
1753619964.908,2311,1538
1753619964.908,2311,1539
1753619964.914,2310,1540
1753619964.928,2310,1541
1753619964.928,2309,1544
1753619964.941,2309,1545
1753619964.946,2308,1545
1753619964.958,2307,1545
1753619964.97,2307,1546
1753619964.974,2307,1547
1753619964.993,2305,1550
1753619964.993,2305,1551
1753619965.002,2304,1553
1753619965.01,2304,1554
1753619965.019,2304,1557
1753619965.023,2303,1557
1753619965.062,2303,1559
1753619965.074,2302,1561
1753619965.082,2301,1563
1753619965.125,2301,1564
1753619965.158,2301,1565
1753619965.158,2300,1565
1753619965.178,2300,1566
1753619965.187,2300,1567
1753619965.208,2300,1568
1753619965.211,2300,1569
1753619965.219,2300,1571
1753619965.23,2300,1573
1753619965.243,2300,1574
1753619965.248,2300,1575
1753619965.264,2300,1578
1753619965.266,2300,1579
1753619965.266,2299,1580
1753619965.275,2299,1581
1753619965.297,2299,1582
1753619965.297,2299,1583
1753619965.321,2299,1585
1753619965.345,2299,1586
1753619965.348,2299,1587
1753619965.363,2299,1588
1753619965.363,2299,1589
1753619965.378,2299,1590
1753619965.38,2299,1591
1753619965.395,2299,1592
1753619965.404,2299,1594
1753619965.412,2299,1595
1753619965.42,2299,1596
1753619965.429,2299,1597
1753619965.443,2299,1598
1753619965.456,2299,1599
1753619965.462,2299,1600
1753619965.477,2299,1602
1753619965.48,2300,1602
1753619965.495,2300,1603
1753619965.511,2300,1604
1753619965.527,2300,1605
1753619965.527,2301,1605
1753619965.545,2301,1606
1753619965.545,2301,1607
1753619965.556,2302,1608
1753619965.561,2303,1608
1753619965.579,2303,1610
1753619965.581,2304,1610
1753619965.61,2306,1611
1753619965.628,2306,1612
1753619965.647,2307,1613
1753619965.647,2308,1614
1753619965.647,2309,1617
1753619965.659,2310,1618
1753619965.662,2313,1620
1753619965.662,2314,1621
1753619965.681,2315,1623
1753619965.698,2316,1624
1753619965.698,2316,1625
1753619965.711,2317,1625
1753619965.714,2318,1625
1753619965.74,2320,1626
1753619965.746,2321,1626
1753619965.76,2322,1626
1753619965.76,2323,1626
1753619965.77,2324,1626
1753619965.774,2325,1627
1753619965.778,2326,1628
1753619965.789,2328,1628
1753619965.794,2329,1628
1753619965.802,2329,1629
1753619965.818,2330,1629
1753619965.842,2331,1629
1753619965.86,2332,1629
1753619965.889,2333,1629
1753619965.893,2334,1629
1753619965.913,2336,1629
1753619965.926,2337,1628
1753619965.937,2338,1628
1753619965.945,2339,1628
1753619965.945,2340,1628
1753619965.96,2341,1627
1753619965.974,2342,1627
1753619965.974,2343,1627
1753619965.977,2345,1626
1753619965.985,2346,1626
1753619965.994,2347,1625
1753619965.994,2348,1624
1753619966.014,2349,1624
1753619966.017,2350,1622
1753619966.029,2351,1621
1753619966.032,2353,1620
1753619966.035,2354,1620
1753619966.047,2355,1619
1753619966.053,2356,1618
1753619966.06,2357,1618
1753619966.063,2357,1617
1753619966.077,2358,1617
1753619966.093,2358,1616
1753619966.111,2359,1616
1753619966.119,2359,1614
1753619966.127,2359,1613
1753619966.135,2361,1613
1753619966.149,2361,1612
1753619966.156,2362,1612
1753619966.159,2362,1611
1753619966.177,2363,1610
1753619966.193,2363,1609
1753619966.206,2363,1608
1753619966.214,2364,1607
1753619966.225,2365,1605
1753619966.233,2365,1604
1753619966.241,2365,1603
1753619966.246,2366,1603
1753619966.254,2366,1602
1753619966.259,2366,1601
1753619966.259,2367,1600
1753619966.275,2369,1599
1753619966.278,2370,1596
1753619966.29,2370,1595
1753619966.294,2371,1592
1753619966.303,2372,1590
1753619966.308,2374,1587
1753619966.311,2375,1584
1753619966.323,2376,1583
1753619966.335,2377,1581
1753619966.341,2379,1578
1753619966.343,2380,1577
1753619966.351,2380,1576
1753619966.358,2381,1573
1753619966.367,2381,1572
1753619966.375,2382,1572
1753619966.383,2382,1571
1753619966.384,2382,1570
1753619966.407,2382,1568
1753619966.426,2382,1567
1753619966.427,2382,1566
1753619966.431,2382,1565
1753619966.444,2382,1564
1753619966.456,2384,1563
1753619966.465,2384,1560
1753619966.478,2384,1558
1753619966.485,2384,1557
1753619966.5,2384,1556
1753619966.503,2384,1554
1753619966.506,2384,1553
1753619966.52,2384,1552
1753619966.543,2385,1552
1753619966.543,2385,1551
1753619966.558,2385,1550
1753619966.582,2385,1549
1753619966.582,2385,1548
1753619966.592,2385,1546
1753619966.595,2385,1545
1753619966.601,2385,1544
1753619966.626,2385,1543
1753619966.629,2385,1541
1753619966.629,2385,1539
1753619966.646,2385,1538
1753619966.654,2385,1537
1753619966.659,2385,1536
1753619966.682,2385,1535
1753619966.714,2385,1534
1753619966.726,2385,1533
1753619966.743,2385,1532
1753619966.76,2385,1530
1753619966.776,2385,1529
1753619966.785,2385,1528
1753619966.794,2385,1527
1753619966.809,2385,1526
1753619966.823,2385,1525
1753619966.825,2385,1524
1753619966.826,2385,1522
1753619966.843,2385,1521
1753619966.874,2385,1520
1753619966.874,2385,1519
1753619966.876,2385,1518
1753619966.876,2385,1515
1753619966.882,2386,1513
1753619966.892,2386,1512
1753619966.907,2387,1508
1753619966.909,2387,1507
1753619966.911,2387,1504
1753619966.919,2387,1503
1753619966.927,2387,1501
1753619966.927,2388,1501
1753619966.956,2388,1499
1753619967.025,2388,1500
1753619967.041,2388,1501
1753619967.06,2388,1502
1753619967.068,2388,1503
1753619967.077,2388,1504
1753619967.09,2390,1504
1753619967.093,2390,1505
1753619967.101,2390,1506
1753619967.109,2390,1508
1753619967.125,2390,1509
1753619967.126,2390,1510
1753619967.142,2390,1511
1753619967.16,2390,1512
1753619967.161,2391,1512
1753619967.18,2391,1513
1753619967.188,2391,1514
1753619967.195,2391,1515
1753619967.224,2391,1517
1753619967.226,2391,1518
1753619967.237,2391,1519
1753619967.258,2391,1520
1753619967.272,2391,1521
1753619967.277,2391,1522
1753619967.285,2391,1523
1753619967.293,2391,1525
1753619967.301,2391,1526
1753619967.307,2390,1528
1753619967.31,2390,1531
1753619967.318,2389,1534
1753619967.334,2389,1536
1753619967.334,2388,1539
1753619967.34,2388,1541
1753619967.342,2388,1544
1753619967.356,2386,1548
1753619967.36,2386,1553
1753619967.366,2386,1557
1753619967.375,2385,1561
1753619967.383,2385,1566
1753619967.392,2385,1570
1753619967.405,2383,1573
1753619967.407,2383,1575
1753619967.407,2383,1576
1753619967.414,2383,1577
1753619967.425,2383,1579
1753619967.446,2383,1580
1753619967.446,2383,1581
1753619967.526,2383,1582
1753619967.566,2383,1583
1753619967.574,2383,1584
1753619967.576,2383,1585
1753619967.582,2383,1586
1753619967.594,2383,1588
1753619967.594,2383,1589
1753619967.607,2383,1591
1753619967.615,2383,1592
1753619967.622,2382,1593
1753619967.638,2382,1595
1753619967.64,2382,1596
1753619967.643,2382,1597
1753619967.646,2382,1598
1753619967.658,2382,1599
1753619967.672,2381,1602
1753619967.679,2381,1603
1753619967.681,2381,1604
1753619967.691,2381,1605
1753619967.711,2380,1605
1753619967.722,2380,1606
1753619967.734,2380,1607
1753619967.751,2380,1608
1753619967.762,2380,1610
1753619967.767,2379,1610
1753619967.784,2379,1611
1753619967.791,2379,1612
1753619967.799,2378,1612
1753619967.815,2378,1613
1753619967.881,2377,1613
1753619967.927,2377,1613
1753619967.947,2375,1613
1753619967.99,2375,1612
1753619968.012,2375,1611
1753619968.043,2375,1609
1753619968.046,2375,1608
1753619968.073,2375,1607
1753619968.114,2375,1606
1753619968.13,2375,1605
1753619968.136,2376,1604
1753619968.145,2376,1603
1753619968.171,2377,1602
1753619968.189,2377,1600
1753619968.191,2377,1599
1753619968.191,2378,1598
1753619968.2,2379,1597
1753619968.209,2379,1596
1753619968.217,2380,1595
1753619968.226,2381,1592
1753619968.226,2382,1592
1753619968.241,2382,1591
1753619968.247,2382,1590
1753619968.255,2384,1590
1753619968.273,2385,1589
1753619968.279,2386,1588
1753619968.279,2386,1586
1753619968.289,2387,1585
1753619968.291,2388,1584
1753619968.306,2388,1583
1753619968.313,2391,1582
1753619968.314,2392,1579
1753619968.328,2393,1576
1753619968.328,2395,1575
1753619968.34,2396,1573
1753619968.361,2397,1572
1753619968.364,2398,1569
1753619968.364,2399,1568
1753619968.366,2401,1565
1753619968.374,2401,1564
1753619968.378,2402,1563
1753619968.401,2403,1562
1753619968.401,2403,1561
1753619968.407,2403,1560
1753619968.409,2404,1559
1753619968.409,2405,1555
1753619968.422,2405,1552
1753619968.426,2407,1549
1753619968.445,2408,1545
1753619968.447,2410,1541
1753619968.45,2410,1539
1753619968.458,2410,1537
1753619968.459,2410,1535
1753619968.473,2410,1533
1753619968.487,2410,1532
1753619968.489,2411,1531
1753619968.492,2411,1530
1753619968.525,2412,1530
1753619968.536,2412,1529
1753619968.558,2413,1528
1753619968.578,2413,1527
1753619968.58,2414,1525
1753619968.592,2415,1525
1753619968.607,2416,1524
1753619968.607,2418,1524
1753619968.613,2419,1523
1753619968.628,2420,1523
1753619968.646,2422,1522
1753619968.65,2423,1521
1753619968.654,2426,1519
1753619968.662,2429,1519
1753619968.663,2430,1518
1753619968.669,2432,1517
1753619968.676,2433,1516
1753619968.68,2434,1516
1753619968.691,2436,1516
1753619968.697,2437,1516
1753619968.714,2439,1515
1753619968.722,2440,1515
1753619968.723,2443,1513
1753619968.726,2444,1513
1753619968.728,2446,1513
1753619968.74,2448,1513
1753619968.746,2449,1513
1753619968.761,2450,1513
1753619968.761,2451,1513
1753619968.765,2452,1512
1753619968.774,2453,1512
1753619968.794,2454,1512
1753619968.797,2456,1512
1753619968.81,2457,1512
1753619968.822,2458,1512
1753619968.827,2459,1512
1753619968.85,2460,1512
1753619968.859,2460,1512
1753619968.875,2461,1512
1753619968.892,2462,1514
1753619968.906,2462,1515
1753619968.926,2463,1516
1753619968.926,2463,1517
1753619968.942,2463,1518
1753619968.959,2463,1519
1753619968.96,2463,1520
1753619968.969,2463,1522
1753619968.986,2463,1523
1753619969.007,2463,1524
1753619969.008,2463,1525
1753619969.01,2463,1526
1753619969.012,2463,1527
1753619969.018,2463,1528
1753619969.04,2463,1530
1753619969.042,2463,1531
1753619969.056,2463,1533
1753619969.06,2463,1534
1753619969.066,2463,1535
1753619969.082,2463,1536
1753619969.082,2463,1538
1753619969.092,2463,1539
1753619969.092,2463,1540
1753619969.14,2463,1541
1753619969.153,2463,1542
1753619969.16,2463,1543
1753619969.16,2463,1544
1753619969.174,2463,1547
1753619969.177,2463,1548
1753619969.189,2463,1552
1753619969.201,2463,1554
1753619969.204,2463,1557
1753619969.21,2463,1560
1753619969.21,2463,1561
1753619969.222,2463,1562
1753619969.231,2463,1563
1753619969.241,2463,1564
1753619969.247,2463,1565
1753619969.259,2463,1566
1753619969.26,2463,1567
1753619969.279,2463,1567
1753619969.279,2463,1569
1753619969.287,2463,1571
1753619969.293,2463,1572
1753619969.293,2463,1575
1753619969.311,2462,1577
1753619969.316,2462,1580
1753619969.322,2462,1582
1753619969.326,2462,1585
1753619969.335,2462,1586
1753619969.343,2461,1589
1753619969.359,2461,1590
1753619969.367,2461,1591
1753619969.492,2461,1592
1753619969.544,2461,1593
1753619969.561,2460,1593
1753619969.569,2460,1594
1753619969.576,2460,1595
1753619969.609,2460,1597
1753619969.624,2460,1598
1753619969.629,2458,1598
1753619969.639,2458,1599
1753619969.644,2458,1600
1753619969.678,2458,1601
1753619969.697,2458,1602
1753619969.699,2457,1603
1753619969.723,2457,1605
1753619969.779,2457,1604
1753619969.793,2457,1603
1753619969.812,2457,1602
1753619969.824,2457,1601
1753619969.829,2456,1601
1753619969.844,2456,1600
1753619969.861,2456,1599
1753619969.89,2456,1598
1753619969.905,2456,1596
1753619969.934,2456,1595
1753619969.943,2456,1594
1753619969.973,2456,1593
1753619969.973,2456,1592
1753619969.98,2456,1592
1753619969.989,2456,1591
1753619969.994,2459,1590
1753619969.998,2460,1585
1753619970.008,2463,1582
1753619970.012,2466,1581
1753619970.026,2469,1578
1753619970.028,2470,1577
1753619970.044,2471,1576
1753619970.049,2471,1575
1753619970.06,2471,1574
1753619970.159,2471,1572
1753619970.16,2472,1571
1753619970.174,2473,1571
1753619970.175,2473,1570
1753619970.2,2473,1569
1753619970.201,2473,1568
1753619970.201,2474,1568
1753619970.206,2476,1567
1753619970.213,2476,1566
1753619970.215,2477,1564
1753619970.226,2478,1564
1753619970.242,2478,1563
1753619970.243,2478,1562
1753619970.255,2479,1561
1753619970.27,2479,1560
1753619970.286,2480,1560
1753619970.296,2480,1559
1753619970.313,2480,1558
1753619970.326,2481,1558
1753619970.326,2481,1556
1753619970.34,2482,1555
1753619970.346,2483,1554
1753619970.354,2483,1553
1753619970.36,2485,1552
1753619970.371,2486,1551
1753619970.375,2487,1548
1753619970.382,2487,1547
1753619970.389,2488,1546
1753619970.391,2489,1545
1753619970.402,2489,1544
1753619970.41,2491,1541
1753619970.411,2492,1541
1753619970.424,2492,1540
1753619970.426,2493,1540
1753619970.444,2493,1539
1753619970.458,2494,1539
1753619970.466,2494,1538
1753619970.475,2494,1537
1753619970.482,2495,1537
1753619970.483,2496,1536
1753619970.494,2496,1534
1753619970.496,2496,1533
1753619970.506,2497,1532
1753619970.515,2499,1531
1753619970.522,2500,1530
1753619970.528,2501,1529
1753619970.544,2502,1528
1753619970.551,2503,1526
1753619970.562,2504,1525
1753619970.571,2505,1524
1753619970.58,2506,1524
1753619970.59,2508,1523
1753619970.606,2509,1523
1753619970.611,2510,1523
1753619970.619,2511,1522
1753619970.624,2512,1522
1753619970.624,2513,1521
1753619970.642,2514,1521
1753619970.65,2516,1521
1753619970.655,2517,1520
1753619970.659,2518,1520
1753619970.667,2519,1520
1753619970.676,2520,1520
1753619970.683,2521,1520
1753619970.691,2522,1520
1753619970.697,2524,1520
1753619970.705,2525,1520
1753619970.719,2526,1520
1753619970.724,2527,1520
1753619970.738,2528,1520
1753619970.757,2529,1520
1753619970.774,2530,1520
1753619970.788,2532,1521
1753619970.853,2533,1521
1753619970.855,2535,1524
1753619970.855,2536,1524
1753619970.855,2537,1525
1753619970.869,2537,1527
1753619970.874,2538,1528
1753619970.885,2539,1529
1753619970.901,2541,1529
1753619970.901,2541,1530
1753619970.933,2541,1531
1753619970.949,2542,1532
1753619970.949,2543,1533
1753619970.965,2544,1535
1753619970.965,2544,1537
1753619970.965,2545,1540
1753619970.98,2547,1541
1753619970.996,2548,1543
1753619970.996,2549,1546
1753619970.996,2549,1549
1753619971.013,2550,1550
1753619971.013,2550,1551
1753619971.025,2550,1552
1753619971.04,2551,1552
1753619971.044,2551,1553
1753619971.078,2551,1554
1753619971.093,2551,1555
1753619971.108,2551,1557
1753619971.108,2551,1558
1753619971.126,2551,1559
1753619971.13,2551,1560
1753619971.142,2551,1561
1753619971.142,2551,1562
1753619971.159,2551,1563
1753619971.164,2551,1565
1753619971.176,2551,1566
1753619971.176,2551,1567
1753619971.187,2551,1568
1753619971.205,2551,1569
1753619971.211,2551,1570
1753619971.213,2551,1571
1753619971.234,2551,1573
1753619971.234,2551,1574
1753619971.25,2551,1575
1753619971.26,2551,1576
1753619971.266,2551,1577
1753619971.274,2551,1578
1753619971.292,2551,1579
1753619971.298,2551,1580
1753619971.314,2551,1582
1753619971.33,2551,1583
1753619971.339,2551,1584
1753619971.361,2551,1585
1753619971.377,2553,1586
1753619971.409,2554,1587
1753619971.411,2555,1588
1753619971.44,2556,1590
1753619971.456,2557,1590
1753619971.456,2557,1591
1753619971.472,2557,1592
1753619971.472,2558,1592
1753619971.488,2558,1593
1753619971.488,2559,1593
1753619971.504,2561,1594
1753619971.521,2561,1595
1753619971.521,2562,1595
1753619971.535,2562,1596
1753619971.567,2563,1596
1753619971.567,2563,1598
1753619971.598,2564,1598
1753619971.598,2564,1599
1753619971.645,2565,1599
1753619971.676,2566,1599
1753619971.692,2567,1599
1753619971.714,2568,1599
1753619971.724,2570,1599
1753619971.751,2571,1599
1753619971.756,2573,1599
1753619971.772,2576,1599
1753619971.776,2577,1599
1753619971.793,2578,1599
1753619971.795,2579,1599
1753619971.804,2580,1599
1753619971.821,2581,1599
1753619971.831,2583,1599
1753619971.842,2584,1599
1753619971.867,2585,1599
1753619971.884,2586,1599
1753619971.915,2587,1599
1753619971.926,2588,1597
1753619971.93,2589,1597
1753619971.93,2591,1597
1753619971.946,2592,1597
1753619971.946,2593,1597
1753619971.963,2594,1596
1753619971.978,2595,1596
1753619971.991,2596,1596
1753619971.994,2596,1595
1753619971.998,2597,1595
1753619972.01,2598,1595
1753619972.01,2600,1595
1753619972.025,2601,1595
1753619972.041,2602,1594
1753619972.041,2603,1594
1753619972.057,2604,1593
1753619972.073,2605,1593
1753619972.077,2606,1592
1753619972.091,2608,1591
1753619972.104,2609,1591
1753619972.12,2609,1589
1753619972.12,2610,1589
1753619972.152,2610,1588
1753619972.152,2610,1587
1753619972.168,2610,1586
1753619972.168,2607,1585
1753619972.184,2606,1585
